0001_0021_0021_0117_0117.jpg 1 21 21 117 117
0002_0025_0070_0071_0071.jpg 1 25 70 71 71
0003_0042_0024_0094_0094.jpg 1 42 24 94 94
0004_0028_0013_0109_0109.jpg 1 28 13 109 109
0005_0030_0061_0089_0089.jpg 1 30 61 89 89
0006_0072_0013_0083_0083.jpg 1 72 13 83 83
0007_0025_0049_0129_0129.jpg 1 25 49 129 129
0008_0106_0096_0045_0045.jpg 1 106 96 45 45
0009_0045_0034_0126_0126.jpg 1 45 34 126 126
0010_0058_0045_0119_0119.jpg 1 58 45 119 119
0011_0033_0058_0101_0101.jpg 1 33 58 101 101
0012_0027_0055_0102_0102.jpg 1 27 55 102 102
0013_0095_0085_0024_0024.jpg 1 95 85 24 24
0014_0067_0025_0043_0043.jpg 1 67 25 43 43
0015_0091_0028_0070_0070.jpg 1 91 28 70 70
0016_0077_0091_0042_0042.jpg 1 77 91 42 42
0017_0035_0011_0138_0138.jpg 1 35 11 138 138
0018_0023_0042_0113_0113.jpg 1 23 42 113 113
0019_0072_0101_0040_0040.jpg 1 72 101 40 40
0020_0049_0025_0137_0137.jpg 1 49 25 137 137
0021_0015_0059_0124_0124.jpg 1 15 59 124 124
0022_0085_0025_0047_0047.jpg 1 85 25 47 47
0023_0031_0038_0079_0079.jpg 1 31 38 79 79
0024_0026_0052_0133_0133.jpg 1 26 52 133 133
0025_0021_0057_0124_0124.jpg 1 21 57 124 124
0026_0022_0031_0126_0126.jpg 1 22 31 126 126
0027_0024_0023_0031_0031.jpg 1 24 23 31 31
0028_0028_0021_0127_0127.jpg 1 28 21 127 127
0029_0038_0063_0119_0119.jpg 1 38 63 119 119
0030_0039_0019_0092_0092.jpg 1 39 19 92 92
0031_0052_0026_0132_0132.jpg 1 52 26 132 132
0032_0038_0055_0108_0108.jpg 1 38 55 108 108
0033_0039_0008_0125_0125.jpg 1 39 8 125 125
0034_0080_0089_0088_0088.jpg 1 80 89 88 88
0035_0097_0093_0065_0065.jpg 1 97 93 65 65
0036_0033_0030_0127_0127.jpg 1 33 30 127 127
0037_0027_0031_0112_0112.jpg 1 27 31 112 112
0038_0044_0040_0124_0124.jpg 1 44 40 124 124
0039_0051_0049_0096_0096.jpg 1 51 49 96 96
0040_0022_0034_0037_0037.jpg 1 22 34 37 37
0041_0082_0033_0088_0088.jpg 1 82 33 88 88
0042_0018_0019_0103_0103.jpg 1 18 19 103 103
0043_0032_0021_0047_0047.jpg 1 32 21 47 47
0044_0045_0011_0107_0107.jpg 1 45 11 107 107
0045_0021_0064_0087_0087.jpg 1 21 64 87 87
0046_0021_0090_0075_0075.jpg 1 21 90 75 75
0047_0027_0038_0135_0135.jpg 1 27 38 135 135
0048_0108_0061_0040_0040.jpg 1 108 61 40 40
0049_0118_0136_0024_0024.jpg 1 118 136 24 24
0050_0068_0073_0098_0098.jpg 1 68 73 98 98
0051_0023_0091_0026_0026.jpg 1 23 91 26 26
0052_0094_0020_0060_0060.jpg 1 94 20 60 60
0053_0020_0041_0057_0057.jpg 1 20 41 57 57
0054_0035_0053_0085_0085.jpg 1 35 53 85 85
0055_0070_0029_0107_0107.jpg 1 70 29 107 107
0056_0054_0034_0064_0064.jpg 1 54 34 64 64
0057_0056_0038_0103_0103.jpg 1 56 38 103 103
0058_0053_0097_0036_0036.jpg 1 53 97 36 36
0059_0057_0112_0043_0043.jpg 1 57 112 43 43
0060_0083_0032_0078_0078.jpg 1 83 32 78 78
0061_0052_0030_0130_0130.jpg 1 52 30 130 130
0062_0017_0110_0029_0029.jpg 1 17 110 29 29
0063_0088_0042_0046_0046.jpg 1 88 42 46 46
0064_0046_0059_0080_0080.jpg 1 46 59 80 80
0065_0042_0084_0088_0088.jpg 1 42 84 88 88
0066_0066_0019_0115_0115.jpg 1 66 19 115 115
0067_0044_0019_0096_0096.jpg 1 44 19 96 96
0068_0034_0068_0032_0032.jpg 1 34 68 32 32
0069_0050_0112_0026_0026.jpg 1 50 112 26 26
0070_0113_0067_0040_0040.jpg 1 113 67 40 40
0071_0052_0080_0088_0088.jpg 1 52 80 88 88
0072_0049_0047_0133_0133.jpg 1 49 47 133 133
0073_0032_0063_0083_0083.jpg 1 32 63 83 83
0074_0035_0016_0117_0117.jpg 1 35 16 117 117
0075_0046_0026_0119_0119.jpg 1 46 26 119 119
0076_0019_0032_0137_0137.jpg 1 19 32 137 137
0077_0014_0045_0121_0121.jpg 1 14 45 121 121
0078_0098_0023_0069_0069.jpg 1 98 23 69 69
0079_0008_0050_0131_0131.jpg 1 8 50 131 131
0080_0113_0030_0053_0053.jpg 1 113 30 53 53
0081_0029_0113_0055_0055.jpg 1 29 113 55 55
0082_0021_0046_0129_0129.jpg 1 21 46 129 129
0083_0029_0045_0053_0053.jpg 1 29 45 53 53
0084_0053_0055_0128_0128.jpg 1 53 55 128 128
0085_0088_0019_0081_0081.jpg 1 88 19 81 81
0086_0013_0051_0097_0097.jpg 1 13 51 97 97
0087_0107_0090_0053_0053.jpg 1 107 90 53 53
0088_0041_0078_0037_0037.jpg 1 41 78 37 37
0089_0078_0061_0085_0085.jpg 1 78 61 85 85
0090_0033_0044_0118_0118.jpg 1 33 44 118 118
0091_0054_0064_0079_0079.jpg 1 54 64 79 79
0092_0050_0023_0079_0079.jpg 1 50 23 79 79
0093_0049_0042_0117_0117.jpg 1 49 42 117 117
0094_0062_0039_0098_0098.jpg 1 62 39 98 98
0095_0074_0030_0105_0105.jpg 1 74 30 105 105
0096_0024_0027_0102_0102.jpg 1 24 27 102 102
0097_0047_0041_0123_0123.jpg 1 47 41 123 123
0098_0020_0031_0136_0136.jpg 1 20 31 136 136
0099_0045_0094_0062_0062.jpg 1 45 94 62 62
0100_0041_0061_0075_0075.jpg 1 41 61 75 75
0101_0038_0074_0095_0095.jpg 1 38 74 95 95
0102_0066_0112_0038_0038.jpg 1 66 112 38 38
0103_0048_0021_0044_0044.jpg 1 48 21 44 44
0104_0026_0034_0093_0093.jpg 1 26 34 93 93
0105_0025_0032_0139_0139.jpg 1 25 32 139 139
0106_0048_0074_0099_0099.jpg 1 48 74 99 99
0107_0027_0056_0113_0113.jpg 1 27 56 113 113
0108_0031_0117_0034_0034.jpg 1 31 117 34 34
0109_0052_0024_0117_0117.jpg 1 52 24 117 117
0110_0071_0104_0055_0055.jpg 1 71 104 55 55
0111_0134_0082_0027_0027.jpg 1 134 82 27 27
0112_0039_0081_0091_0091.jpg 1 39 81 91 91
0113_0105_0031_0067_0067.jpg 1 105 31 67 67
0114_0017_0026_0118_0118.jpg 1 17 26 118 118
0115_0078_0099_0066_0066.jpg 1 78 99 66 66
0116_0047_0028_0114_0114.jpg 1 47 28 114 114
0117_0032_0074_0032_0032.jpg 1 32 74 32 32
0118_0067_0070_0066_0066.jpg 1 67 70 66 66
0119_0021_0049_0108_0108.jpg 1 21 49 108 108
0120_0017_0042_0111_0111.jpg 1 17 42 111 111
0121_0033_0042_0093_0093.jpg 1 33 42 93 93
0122_0014_0053_0118_0118.jpg 1 14 53 118 118
0123_0061_0044_0110_0110.jpg 1 61 44 110 110
0124_0058_0024_0053_0053.jpg 1 58 24 53 53
0125_0050_0012_0086_0086.jpg 1 50 12 86 86
0126_0079_0123_0036_0036.jpg 1 79 123 36 36
0127_0061_0085_0063_0063.jpg 1 61 85 63 63
0128_0031_0073_0081_0081.jpg 1 31 73 81 81
0129_0105_0109_0059_0059.jpg 1 105 109 59 59
0130_0088_0017_0066_0066.jpg 1 88 17 66 66
0131_0027_0025_0129_0129.jpg 1 27 25 129 129
0132_0069_0053_0072_0072.jpg 1 69 53 72 72
0133_0103_0109_0060_0060.jpg 1 103 109 60 60
0134_0080_0044_0081_0081.jpg 1 80 44 81 81
0135_0130_0108_0033_0033.jpg 1 130 108 33 33
0136_0113_0096_0045_0045.jpg 1 113 96 45 45
0137_0114_0044_0045_0045.jpg 1 114 44 45 45
0138_0073_0052_0050_0050.jpg 1 73 52 50 50
0139_0093_0068_0078_0078.jpg 1 93 68 78 78
0140_0019_0115_0034_0034.jpg 1 19 115 34 34
0141_0054_0036_0077_0077.jpg 1 54 36 77 77
0142_0073_0012_0107_0107.jpg 1 73 12 107 107
0143_0110_0060_0044_0044.jpg 1 110 60 44 44
0144_0072_0032_0060_0060.jpg 1 72 32 60 60
0145_0049_0070_0080_0080.jpg 1 49 70 80 80
0146_0032_0013_0135_0135.jpg 1 32 13 135 135
0147_0041_0045_0131_0131.jpg 1 41 45 131 131
0148_0053_0023_0087_0087.jpg 1 53 23 87 87
0149_0080_0091_0066_0066.jpg 1 80 91 66 66
0150_0040_0050_0053_0053.jpg 1 40 50 53 53
0151_0118_0104_0050_0050.jpg 1 118 104 50 50
0152_0014_0015_0101_0101.jpg 1 14 15 101 101
0153_0081_0031_0073_0073.jpg 1 81 31 73 73
0154_0047_0019_0125_0125.jpg 1 47 19 125 125
0155_0076_0057_0102_0102.jpg 1 76 57 102 102
0156_0031_0041_0112_0112.jpg 1 31 41 112 112
0157_0021_0023_0108_0108.jpg 1 21 23 108 108
0158_0030_0008_0129_0129.jpg 1 30 8 129 129
0159_0095_0102_0070_0070.jpg 1 95 102 70 70
0160_0053_0052_0065_0065.jpg 1 53 52 65 65
0161_0034_0057_0031_0031.jpg 1 34 57 31 31
0162_0033_0081_0031_0031.jpg 1 33 81 31 31
0163_0063_0037_0111_0111.jpg 1 63 37 111 111
0164_0018_0016_0100_0100.jpg 1 18 16 100 100
0165_0018_0082_0088_0088.jpg 1 18 82 88 88
0166_0101_0034_0051_0051.jpg 1 101 34 51 51
0167_0067_0122_0033_0033.jpg 1 67 122 33 33
0168_0039_0065_0036_0036.jpg 1 39 65 36 36
0169_0096_0083_0027_0027.jpg 1 96 83 27 27
0170_0021_0009_0105_0105.jpg 1 21 9 105 105
0171_0044_0021_0099_0099.jpg 1 44 21 99 99
0172_0088_0070_0050_0050.jpg 1 88 70 50 50
0173_0010_0015_0112_0112.jpg 1 10 15 112 112
0174_0083_0097_0042_0042.jpg 1 83 97 42 42
0175_0018_0037_0136_0136.jpg 1 18 37 136 136
0176_0034_0033_0048_0048.jpg 1 34 33 48 48
0177_0112_0054_0048_0048.jpg 1 112 54 48 48
0178_0106_0092_0059_0059.jpg 1 106 92 59 59
0179_0027_0058_0092_0092.jpg 1 27 58 92 92
0180_0017_0127_0032_0032.jpg 1 17 127 32 32
0181_0097_0046_0062_0062.jpg 1 97 46 62 62
0182_0016_0026_0139_0139.jpg 1 16 26 139 139
0183_0059_0065_0027_0027.jpg 1 59 65 27 27
0184_0031_0021_0069_0069.jpg 1 31 21 69 69
0185_0028_0055_0094_0094.jpg 1 28 55 94 94
0186_0024_0031_0066_0066.jpg 1 24 31 66 66
0187_0045_0069_0095_0095.jpg 1 45 69 95 95
0188_0019_0048_0114_0114.jpg 1 19 48 114 114
0189_0037_0082_0055_0055.jpg 1 37 82 55 55
0190_0039_0121_0041_0041.jpg 1 39 121 41 41
0191_0053_0064_0113_0113.jpg 1 53 64 113 113
0192_0061_0033_0056_0056.jpg 1 61 33 56 56
0193_0024_0014_0132_0132.jpg 1 24 14 132 132
0194_0033_0026_0139_0139.jpg 1 33 26 139 139
0195_0028_0055_0038_0038.jpg 1 28 55 38 38
0196_0051_0048_0128_0128.jpg 1 51 48 128 128
0197_0028_0034_0063_0063.jpg 1 28 34 63 63
0198_0078_0088_0082_0082.jpg 1 78 88 82 82
0199_0082_0060_0082_0082.jpg 1 82 60 82 82
0200_0015_0023_0111_0111.jpg 1 15 23 111 111
0201_0084_0030_0092_0092.jpg 1 84 30 92 92
0202_0037_0069_0080_0080.jpg 1 37 69 80 80
0203_0016_0036_0139_0139.jpg 1 16 36 139 139
0204_0035_0028_0099_0099.jpg 1 35 28 99 99
0205_0032_0070_0075_0075.jpg 1 32 70 75 75
0206_0026_0013_0130_0130.jpg 1 26 13 130 130
0207_0057_0025_0111_0111.jpg 1 57 25 111 111
0208_0013_0055_0123_0123.jpg 1 13 55 123 123
0209_0027_0043_0138_0138.jpg 1 27 43 138 138
0210_0054_0071_0035_0035.jpg 1 54 71 35 35
0211_0082_0021_0031_0031.jpg 1 82 21 31 31
0212_0047_0061_0113_0113.jpg 1 47 61 113 113
0213_0059_0042_0027_0027.jpg 1 59 42 27 27
0214_0052_0017_0131_0131.jpg 1 52 17 131 131
0215_0078_0085_0076_0076.jpg 1 78 85 76 76
0216_0046_0070_0076_0076.jpg 1 46 70 76 76
0217_0083_0093_0080_0080.jpg 1 83 93 80 80
0218_0063_0021_0107_0107.jpg 1 63 21 107 107
0219_0097_0097_0053_0053.jpg 1 97 97 53 53
0220_0045_0090_0067_0067.jpg 1 45 90 67 67
0221_0100_0038_0052_0052.jpg 1 100 38 52 52
0222_0090_0014_0085_0085.jpg 1 90 14 85 85
0223_0020_0054_0030_0030.jpg 1 20 54 30 30
0224_0065_0060_0102_0102.jpg 1 65 60 102 102
0225_0012_0065_0090_0090.jpg 1 12 65 90 90
0226_0048_0035_0098_0098.jpg 1 48 35 98 98
0227_0092_0084_0070_0070.jpg 1 92 84 70 70
0228_0030_0112_0050_0050.jpg 1 30 112 50 50
0229_0031_0016_0133_0133.jpg 1 31 16 133 133
0230_0050_0051_0133_0133.jpg 1 50 51 133 133
0231_0032_0045_0122_0122.jpg 1 32 45 122 122
0232_0032_0074_0099_0099.jpg 1 32 74 99 99
0233_0017_0053_0087_0087.jpg 1 17 53 87 87
0234_0051_0014_0107_0107.jpg 1 51 14 107 107
0235_0030_0012_0116_0116.jpg 1 30 12 116 116
0236_0110_0086_0030_0030.jpg 1 110 86 30 30
0237_0032_0022_0063_0063.jpg 1 32 22 63 63
0238_0051_0051_0128_0128.jpg 1 51 51 128 128
0239_0017_0039_0139_0139.jpg 1 17 39 139 139
0240_0103_0098_0059_0059.jpg 1 103 98 59 59
0241_0084_0093_0081_0081.jpg 1 84 93 81 81
0242_0031_0079_0076_0076.jpg 1 31 79 76 76
0243_0025_0013_0121_0121.jpg 1 25 13 121 121
0244_0051_0047_0130_0130.jpg 1 51 47 130 130
0245_0078_0033_0091_0091.jpg 1 78 33 91 91
0246_0074_0085_0066_0066.jpg 1 74 85 66 66
0247_0024_0029_0138_0138.jpg 1 24 29 138 138
0248_0053_0060_0059_0059.jpg 1 53 60 59 59
0249_0074_0049_0052_0052.jpg 1 74 49 52 52
0250_0024_0031_0086_0086.jpg 1 24 31 86 86
0251_0027_0042_0116_0116.jpg 1 27 42 116 116
0252_0074_0046_0100_0100.jpg 1 74 46 100 100
0253_0024_0024_0068_0068.jpg 1 24 24 68 68
0254_0022_0031_0095_0095.jpg 1 22 31 95 95
0255_0111_0018_0053_0053.jpg 1 111 18 53 53
0256_0077_0067_0048_0048.jpg 1 77 67 48 48
0257_0059_0070_0094_0094.jpg 1 59 70 94 94
0258_0016_0019_0074_0074.jpg 1 16 19 74 74
0259_0049_0085_0030_0030.jpg 1 49 85 30 30
0260_0125_0117_0041_0041.jpg 1 125 117 41 41
0261_0087_0065_0059_0059.jpg 1 87 65 59 59
0262_0020_0039_0062_0062.jpg 1 20 39 62 62
0263_0059_0025_0119_0119.jpg 1 59 25 119 119
0264_0035_0058_0103_0103.jpg 1 35 58 103 103
0265_0054_0063_0103_0103.jpg 1 54 63 103 103
0266_0015_0103_0067_0067.jpg 1 15 103 67 67
0267_0128_0024_0036_0036.jpg 1 128 24 36 36
0268_0048_0077_0094_0094.jpg 1 48 77 94 94
0269_0021_0036_0109_0109.jpg 1 21 36 109 109
0270_0040_0016_0110_0110.jpg 1 40 16 110 110
0271_0059_0042_0095_0095.jpg 1 59 42 95 95
0272_0078_0109_0026_0026.jpg 1 78 109 26 26
0273_0015_0031_0122_0122.jpg 1 15 31 122 122
0274_0033_0110_0024_0024.jpg 1 33 110 24 24
0275_0031_0058_0080_0080.jpg 1 31 58 80 80
0276_0053_0023_0061_0061.jpg 1 53 23 61 61
0277_0032_0016_0114_0114.jpg 1 32 16 114 114
0278_0045_0104_0055_0055.jpg 1 45 104 55 55
0279_0053_0020_0051_0051.jpg 1 53 20 51 51
0280_0082_0030_0090_0090.jpg 1 82 30 90 90
0281_0041_0047_0134_0134.jpg 1 41 47 134 134
0282_0084_0071_0084_0084.jpg 1 84 71 84 84
0283_0046_0036_0129_0129.jpg 1 46 36 129 129
0284_0033_0045_0039_0039.jpg 1 33 45 39 39
0285_0080_0055_0076_0076.jpg 1 80 55 76 76
0286_0040_0028_0137_0137.jpg 1 40 28 137 137
0287_0011_0016_0117_0117.jpg 1 11 16 117 117
0288_0096_0083_0057_0057.jpg 1 96 83 57 57
0289_0045_0088_0058_0058.jpg 1 45 88 58 58
0290_0035_0022_0121_0121.jpg 1 35 22 121 121
0291_0046_0023_0114_0114.jpg 1 46 23 114 114
0292_0061_0063_0119_0119.jpg 1 61 63 119 119
0293_0074_0079_0048_0048.jpg 1 74 79 48 48
0294_0022_0047_0122_0122.jpg 1 22 47 122 122
0295_0042_0014_0123_0123.jpg 1 42 14 123 123
0296_0049_0088_0024_0024.jpg 1 49 88 24 24
0297_0057_0027_0085_0085.jpg 1 57 27 85 85
0298_0044_0050_0136_0136.jpg 1 44 50 136 136
0299_0058_0043_0125_0125.jpg 1 58 43 125 125
0300_0036_0043_0119_0119.jpg 1 36 43 119 119
0301_0016_0015_0121_0121.jpg 1 16 15 121 121
0302_0033_0027_0138_0138.jpg 1 33 27 138 138
0303_0012_0045_0137_0137.jpg 1 12 45 137 137
0304_0076_0038_0099_0099.jpg 1 76 38 99 99
0305_0114_0067_0043_0043.jpg 1 114 67 43 43
0306_0042_0053_0127_0127.jpg 1 42 53 127 127
0307_0011_0010_0119_0119.jpg 1 11 10 119 119
0308_0031_0045_0122_0122.jpg 1 31 45 122 122
0309_0049_0045_0132_0132.jpg 1 49 45 132 132
0310_0054_0056_0064_0064.jpg 1 54 56 64 64
0311_0113_0065_0036_0036.jpg 1 113 65 36 36
0312_0127_0062_0028_0028.jpg 1 127 62 28 28
0313_0128_0125_0034_0034.jpg 1 128 125 34 34
0314_0086_0045_0074_0074.jpg 1 86 45 74 74
0315_0030_0045_0111_0111.jpg 1 30 45 111 111
0316_0026_0047_0120_0120.jpg 1 26 47 120 120
0317_0050_0014_0131_0131.jpg 1 50 14 131 131
0318_0024_0054_0130_0130.jpg 1 24 54 130 130
0319_0100_0095_0026_0026.jpg 1 100 95 26 26
0320_0017_0067_0115_0115.jpg 1 17 67 115 115
0321_0111_0126_0035_0035.jpg 1 111 126 35 35
0322_0033_0091_0040_0040.jpg 1 33 91 40 40
0323_0021_0046_0124_0124.jpg 1 21 46 124 124
0324_0048_0058_0120_0120.jpg 1 48 58 120 120
0325_0031_0025_0111_0111.jpg 1 31 25 111 111
0326_0027_0044_0081_0081.jpg 1 27 44 81 81
0327_0053_0041_0113_0113.jpg 1 53 41 113 113
0328_0062_0024_0108_0108.jpg 1 62 24 108 108
0329_0010_0020_0102_0102.jpg 1 10 20 102 102
0330_0069_0079_0077_0077.jpg 1 69 79 77 77
0331_0031_0037_0068_0068.jpg 1 31 37 68 68
0332_0019_0029_0065_0065.jpg 1 19 29 65 65
0333_0030_0097_0053_0053.jpg 1 30 97 53 53
0334_0020_0012_0133_0133.jpg 1 20 12 133 133
0335_0044_0134_0026_0026.jpg 1 44 134 26 26
0336_0031_0019_0138_0138.jpg 1 31 19 138 138
0337_0027_0022_0106_0106.jpg 1 27 22 106 106
0338_0069_0041_0073_0073.jpg 1 69 41 73 73
0339_0049_0053_0046_0046.jpg 1 49 53 46 46
0340_0064_0094_0053_0053.jpg 1 64 94 53 53
0341_0035_0088_0059_0059.jpg 1 35 88 59 59
0342_0084_0031_0089_0089.jpg 1 84 31 89 89
0343_0020_0048_0050_0050.jpg 1 20 48 50 50
0344_0052_0021_0132_0132.jpg 1 52 21 132 132
0345_0030_0034_0105_0105.jpg 1 30 34 105 105
0346_0122_0093_0045_0045.jpg 1 122 93 45 45
0347_0029_0018_0083_0083.jpg 1 29 18 83 83
0348_0024_0034_0133_0133.jpg 1 24 34 133 133
0349_0023_0067_0115_0115.jpg 1 23 67 115 115
0350_0034_0046_0126_0126.jpg 1 34 46 126 126
0351_0043_0072_0093_0093.jpg 1 43 72 93 93
0352_0026_0068_0103_0103.jpg 1 26 68 103 103
0353_0035_0060_0032_0032.jpg 1 35 60 32 32
0354_0058_0081_0034_0034.jpg 1 58 81 34 34
0355_0026_0034_0138_0138.jpg 1 26 34 138 138
0356_0065_0024_0059_0059.jpg 1 65 24 59 59
0357_0020_0019_0091_0091.jpg 1 20 19 91 91
0358_0032_0045_0132_0132.jpg 1 32 45 132 132
0359_0018_0019_0097_0097.jpg 1 18 19 97 97
0360_0072_0039_0049_0049.jpg 1 72 39 49 49
0361_0050_0029_0101_0101.jpg 1 50 29 101 101
0362_0061_0046_0094_0094.jpg 1 61 46 94 94
0363_0028_0068_0087_0087.jpg 1 28 68 87 87
0364_0033_0045_0131_0131.jpg 1 33 45 131 131
0365_0040_0048_0039_0039.jpg 1 40 48 39 39
0366_0098_0107_0046_0046.jpg 1 98 107 46 46
0367_0060_0054_0049_0049.jpg 1 60 54 49 49
0368_0042_0119_0035_0035.jpg 1 42 119 35 35
0369_0077_0061_0095_0095.jpg 1 77 61 95 95
0370_0072_0048_0072_0072.jpg 1 72 48 72 72
0371_0107_0083_0044_0044.jpg 1 107 83 44 44
0372_0034_0008_0123_0123.jpg 1 34 8 123 123
0373_0033_0089_0077_0077.jpg 1 33 89 77 77
0374_0055_0044_0099_0099.jpg 1 55 44 99 99
0375_0063_0053_0090_0090.jpg 1 63 53 90 90
0376_0083_0125_0027_0027.jpg 1 83 125 27 27
0377_0041_0022_0082_0082.jpg 1 41 22 82 82
0378_0041_0020_0067_0067.jpg 1 41 20 67 67
0379_0036_0100_0052_0052.jpg 1 36 100 52 52
0380_0078_0046_0027_0027.jpg 1 78 46 27 27
0381_0073_0027_0076_0076.jpg 1 73 27 76 76
0382_0055_0032_0073_0073.jpg 1 55 32 73 73
0383_0042_0029_0057_0057.jpg 1 42 29 57 57
0384_0051_0049_0126_0126.jpg 1 51 49 126 126
0385_0043_0048_0093_0093.jpg 1 43 48 93 93
0386_0054_0018_0106_0106.jpg 1 54 18 106 106
0387_0042_0054_0115_0115.jpg 1 42 54 115 115
0388_0050_0025_0101_0101.jpg 1 50 25 101 101
0389_0037_0031_0028_0028.jpg 1 37 31 28 28
0390_0042_0052_0105_0105.jpg 1 42 52 105 105
0391_0056_0086_0083_0083.jpg 1 56 86 83 83
0392_0048_0053_0095_0095.jpg 1 48 53 95 95
0393_0023_0042_0074_0074.jpg 1 23 42 74 74
0394_0016_0059_0107_0107.jpg 1 16 59 107 107
0395_0027_0060_0118_0118.jpg 1 27 60 118 118
0396_0059_0041_0079_0079.jpg 1 59 41 79 79
0397_0031_0044_0136_0136.jpg 1 31 44 136 136
0398_0039_0035_0101_0101.jpg 1 39 35 101 101
0399_0074_0058_0091_0091.jpg 1 74 58 91 91
0400_0032_0026_0139_0139.jpg 1 32 26 139 139
0401_0052_0014_0103_0103.jpg 1 52 14 103 103
0402_0009_0047_0108_0108.jpg 1 9 47 108 108
0403_0044_0101_0067_0067.jpg 1 44 101 67 67
0404_0080_0125_0033_0033.jpg 1 80 125 33 33
0405_0082_0066_0074_0074.jpg 1 82 66 74 74
0406_0046_0042_0108_0108.jpg 1 46 42 108 108
0407_0015_0034_0044_0044.jpg 1 15 34 44 44
0408_0105_0099_0024_0024.jpg 1 105 99 24 24
0409_0050_0006_0137_0137.jpg 1 50 6 137 137
0410_0063_0117_0048_0048.jpg 1 63 117 48 48
0411_0064_0056_0057_0057.jpg 1 64 56 57 57
0412_0085_0038_0046_0046.jpg 1 85 38 46 46
0413_0030_0103_0064_0064.jpg 1 30 103 64 64
0414_0027_0017_0132_0132.jpg 1 27 17 132 132
0415_0014_0008_0139_0139.jpg 1 14 8 139 139
0416_0061_0022_0050_0050.jpg 1 61 22 50 50
0417_0052_0035_0065_0065.jpg 1 52 35 65 65
0418_0096_0040_0066_0066.jpg 1 96 40 66 66
0419_0013_0050_0101_0101.jpg 1 13 50 101 101
0420_0040_0057_0088_0088.jpg 1 40 57 88 88
0421_0040_0051_0133_0133.jpg 1 40 51 133 133
0422_0014_0033_0127_0127.jpg 1 14 33 127 127
0423_0036_0083_0092_0092.jpg 1 36 83 92 92
0424_0092_0045_0030_0030.jpg 1 92 45 30 30
0425_0016_0022_0115_0115.jpg 1 16 22 115 115
0426_0063_0051_0072_0072.jpg 1 63 51 72 72
0427_0008_0037_0127_0127.jpg 1 8 37 127 127
0428_0034_0031_0108_0108.jpg 1 34 31 108 108
0429_0107_0083_0062_0062.jpg 1 107 83 62 62
0430_0053_0039_0045_0045.jpg 1 53 39 45 45
0431_0055_0038_0042_0042.jpg 1 55 38 42 42
0432_0056_0019_0091_0091.jpg 1 56 19 91 91
0433_0032_0115_0039_0039.jpg 1 32 115 39 39
0434_0026_0036_0079_0079.jpg 1 26 36 79 79
0435_0081_0033_0084_0084.jpg 1 81 33 84 84
0436_0022_0045_0048_0048.jpg 1 22 45 48 48
0437_0031_0066_0112_0112.jpg 1 31 66 112 112
0438_0022_0074_0081_0081.jpg 1 22 74 81 81
0439_0056_0015_0126_0126.jpg 1 56 15 126 126
0440_0022_0040_0031_0031.jpg 1 22 40 31 31
0441_0063_0015_0110_0110.jpg 1 63 15 110 110
0442_0072_0063_0101_0101.jpg 1 72 63 101 101
0443_0015_0023_0077_0077.jpg 1 15 23 77 77
0444_0064_0091_0053_0053.jpg 1 64 91 53 53
0445_0055_0017_0109_0109.jpg 1 55 17 109 109
0446_0085_0031_0063_0063.jpg 1 85 31 63 63
0447_0062_0019_0076_0076.jpg 1 62 19 76 76
0448_0028_0042_0135_0135.jpg 1 28 42 135 135
0449_0039_0078_0097_0097.jpg 1 39 78 97 97
0450_0045_0045_0114_0114.jpg 1 45 45 114 114
0451_0063_0031_0117_0117.jpg 1 63 31 117 117
0452_0039_0028_0123_0123.jpg 1 39 28 123 123
0453_0027_0052_0080_0080.jpg 1 27 52 80 80
0454_0018_0058_0050_0050.jpg 1 18 58 50 50
0455_0082_0101_0032_0032.jpg 1 82 101 32 32
0456_0097_0080_0039_0039.jpg 1 97 80 39 39
0457_0022_0057_0125_0125.jpg 1 22 57 125 125
0458_0049_0058_0110_0110.jpg 1 49 58 110 110
0459_0062_0048_0095_0095.jpg 1 62 48 95 95
0460_0058_0044_0112_0112.jpg 1 58 44 112 112
0461_0080_0019_0043_0043.jpg 1 80 19 43 43
0462_0066_0017_0082_0082.jpg 1 66 17 82 82
0463_0072_0082_0087_0087.jpg 1 72 82 87 87
0464_0024_0047_0132_0132.jpg 1 24 47 132 132
0465_0034_0045_0131_0131.jpg 1 34 45 131 131
0466_0036_0133_0024_0024.jpg 1 36 133 24 24
0467_0053_0042_0121_0121.jpg 1 53 42 121 121
0468_0056_0050_0030_0030.jpg 1 56 50 30 30
0469_0108_0045_0062_0062.jpg 1 108 45 62 62
0470_0050_0039_0132_0132.jpg 1 50 39 132 132
0471_0023_0087_0066_0066.jpg 1 23 87 66 66
0472_0070_0037_0026_0026.jpg 1 70 37 26 26
0473_0050_0074_0047_0047.jpg 1 50 74 47 47
0474_0045_0053_0048_0048.jpg 1 45 53 48 48
0475_0049_0040_0104_0104.jpg 1 49 40 104 104
0476_0125_0127_0032_0032.jpg 1 125 127 32 32
0477_0050_0035_0073_0073.jpg 1 50 35 73 73
0478_0061_0015_0108_0108.jpg 1 61 15 108 108
0479_0088_0081_0057_0057.jpg 1 88 81 57 57
0480_0062_0119_0043_0043.jpg 1 62 119 43 43
0481_0070_0034_0060_0060.jpg 1 70 34 60 60
0482_0085_0042_0041_0041.jpg 1 85 42 41 41
0483_0054_0016_0100_0100.jpg 1 54 16 100 100
0484_0057_0020_0123_0123.jpg 1 57 20 123 123
0485_0100_0016_0065_0065.jpg 1 100 16 65 65
0486_0054_0033_0114_0114.jpg 1 54 33 114 114
0487_0093_0040_0069_0069.jpg 1 93 40 69 69
0488_0047_0010_0134_0134.jpg 1 47 10 134 134
0489_0034_0033_0127_0127.jpg 1 34 33 127 127
0490_0112_0036_0052_0052.jpg 1 112 36 52 52
0491_0082_0051_0062_0062.jpg 1 82 51 62 62
0492_0056_0011_0104_0104.jpg 1 56 11 104 104
0493_0070_0030_0068_0068.jpg 1 70 30 68 68
0494_0051_0048_0124_0124.jpg 1 51 48 124 124
0495_0071_0036_0091_0091.jpg 1 71 36 91 91
0496_0037_0075_0075_0075.jpg 1 37 75 75 75
0497_0045_0030_0139_0139.jpg 1 45 30 139 139
0498_0014_0051_0111_0111.jpg 1 14 51 111 111
0499_0099_0034_0029_0029.jpg 1 99 34 29 29
0500_0027_0038_0113_0113.jpg 1 27 38 113 113
0501_0119_0019_0041_0041.jpg 1 119 19 41 41
0502_0046_0025_0128_0128.jpg 1 46 25 128 128
0503_0015_0062_0052_0052.jpg 1 15 62 52 52
0504_0126_0060_0028_0028.jpg 1 126 60 28 28
0505_0010_0013_0137_0137.jpg 1 10 13 137 137
0506_0130_0022_0025_0025.jpg 1 130 22 25 25
0507_0097_0083_0062_0062.jpg 1 97 83 62 62
0508_0020_0058_0104_0104.jpg 1 20 58 104 104
0509_0014_0020_0093_0093.jpg 1 14 20 93 93
0510_0054_0045_0111_0111.jpg 1 54 45 111 111
0511_0052_0044_0059_0059.jpg 1 52 44 59 59
0512_0104_0045_0049_0049.jpg 1 104 45 49 49
0513_0064_0042_0063_0063.jpg 1 64 42 63 63
0514_0033_0082_0048_0048.jpg 1 33 82 48 48
0515_0057_0024_0055_0055.jpg 1 57 24 55 55
0516_0037_0089_0076_0076.jpg 1 37 89 76 76
0517_0045_0032_0118_0118.jpg 1 45 32 118 118
0518_0114_0099_0043_0043.jpg 1 114 99 43 43
0519_0065_0070_0090_0090.jpg 1 65 70 90 90
0520_0092_0045_0043_0043.jpg 1 92 45 43 43
0521_0077_0055_0093_0093.jpg 1 77 55 93 93
0522_0011_0062_0114_0114.jpg 1 11 62 114 114
0523_0068_0036_0111_0111.jpg 1 68 36 111 111
0524_0045_0034_0134_0134.jpg 1 45 34 134 134
0525_0026_0048_0128_0128.jpg 1 26 48 128 128
0526_0125_0050_0027_0027.jpg 1 125 50 27 27
0527_0096_0124_0040_0040.jpg 1 96 124 40 40
0528_0123_0095_0035_0035.jpg 1 123 95 35 35
0529_0052_0050_0044_0044.jpg 1 52 50 44 44
0530_0068_0073_0064_0064.jpg 1 68 73 64 64
0531_0046_0010_0128_0128.jpg 1 46 10 128 128
0532_0035_0096_0035_0035.jpg 1 35 96 35 35
0533_0083_0079_0037_0037.jpg 1 83 79 37 37
0534_0070_0028_0091_0091.jpg 1 70 28 91 91
0535_0027_0065_0067_0067.jpg 1 27 65 67 67
0536_0034_0054_0114_0114.jpg 1 34 54 114 114
0537_0073_0086_0073_0073.jpg 1 73 86 73 73
0538_0053_0044_0121_0121.jpg 1 53 44 121 121
0539_0028_0087_0024_0024.jpg 1 28 87 24 24
0540_0104_0085_0064_0064.jpg 1 104 85 64 64
0541_0040_0053_0131_0131.jpg 1 40 53 131 131
0542_0059_0023_0044_0044.jpg 1 59 23 44 44
0543_0124_0050_0042_0042.jpg 1 124 50 42 42
0544_0040_0046_0116_0116.jpg 1 40 46 116 116
0545_0044_0075_0105_0105.jpg 1 44 75 105 105
0546_0026_0078_0080_0080.jpg 1 26 78 80 80
0547_0031_0061_0061_0061.jpg 1 31 61 61 61
0548_0057_0032_0126_0126.jpg 1 57 32 126 126
0549_0014_0068_0106_0106.jpg 1 14 68 106 106
0550_0119_0083_0032_0032.jpg 1 119 83 32 32
0551_0087_0062_0090_0090.jpg 1 87 62 90 90
0552_0044_0057_0035_0035.jpg 1 44 57 35 35
0553_0095_0014_0073_0073.jpg 1 95 14 73 73
0554_0057_0084_0063_0063.jpg 1 57 84 63 63
0555_0018_0079_0033_0033.jpg 1 18 79 33 33
0556_0031_0021_0122_0122.jpg 1 31 21 122 122
0557_0048_0045_0117_0117.jpg 1 48 45 117 117
0558_0036_0041_0131_0131.jpg 1 36 41 131 131
0559_0011_0019_0108_0108.jpg 1 11 19 108 108
0560_0039_0046_0103_0103.jpg 1 39 46 103 103
0561_0103_0042_0057_0057.jpg 1 103 42 57 57
0562_0091_0037_0065_0065.jpg 1 91 37 65 65
0563_0018_0072_0097_0097.jpg 1 18 72 97 97
0564_0037_0020_0089_0089.jpg 1 37 20 89 89
0565_0039_0018_0111_0111.jpg 1 39 18 111 111
0566_0102_0115_0035_0035.jpg 1 102 115 35 35
0567_0016_0089_0067_0067.jpg 1 16 89 67 67
0568_0024_0019_0025_0025.jpg 1 24 19 25 25
0569_0094_0083_0076_0076.jpg 1 94 83 76 76
0570_0027_0094_0024_0024.jpg 1 27 94 24 24
0571_0058_0085_0043_0043.jpg 1 58 85 43 43
0572_0041_0073_0065_0065.jpg 1 41 73 65 65
0573_0032_0072_0039_0039.jpg 1 32 72 39 39
0574_0058_0040_0118_0118.jpg 1 58 40 118 118
0575_0115_0024_0054_0054.jpg 1 115 24 54 54
0576_0099_0091_0029_0029.jpg 1 99 91 29 29
0577_0091_0039_0085_0085.jpg 1 91 39 85 85
0578_0066_0033_0113_0113.jpg 1 66 33 113 113
0579_0057_0053_0112_0112.jpg 1 57 53 112 112
0580_0064_0054_0038_0038.jpg 1 64 54 38 38
0581_0017_0093_0050_0050.jpg 1 17 93 50 50
0582_0023_0031_0123_0123.jpg 1 23 31 123 123
0583_0135_0108_0024_0024.jpg 1 135 108 24 24
0584_0037_0095_0033_0033.jpg 1 37 95 33 33
0585_0098_0102_0066_0066.jpg 1 98 102 66 66
0586_0133_0106_0032_0032.jpg 1 133 106 32 32
0587_0022_0042_0103_0103.jpg 1 22 42 103 103
0588_0045_0028_0067_0067.jpg 1 45 28 67 67
0589_0057_0093_0038_0038.jpg 1 57 93 38 38
0590_0053_0025_0070_0070.jpg 1 53 25 70 70
0591_0034_0123_0045_0045.jpg 1 34 123 45 45
0592_0116_0109_0048_0048.jpg 1 116 109 48 48
0593_0092_0090_0067_0067.jpg 1 92 90 67 67
0594_0042_0081_0026_0026.jpg 1 42 81 26 26
0595_0018_0075_0079_0079.jpg 1 18 75 79 79
0596_0110_0062_0058_0058.jpg 1 110 62 58 58
0597_0125_0024_0033_0033.jpg 1 125 24 33 33
0598_0013_0055_0130_0130.jpg 1 13 55 130 130
0599_0048_0039_0129_0129.jpg 1 48 39 129 129
0600_0134_0033_0028_0028.jpg 1 134 33 28 28
0601_0107_0019_0064_0064.jpg 1 107 19 64 64
0602_0102_0099_0062_0062.jpg 1 102 99 62 62
0603_0044_0048_0110_0110.jpg 1 44 48 110 110
0604_0062_0071_0088_0088.jpg 1 62 71 88 88
0605_0035_0027_0116_0116.jpg 1 35 27 116 116
0606_0061_0080_0028_0028.jpg 1 61 80 28 28
0607_0057_0030_0109_0109.jpg 1 57 30 109 109
0608_0022_0121_0041_0041.jpg 1 22 121 41 41
0609_0089_0044_0082_0082.jpg 1 89 44 82 82
0610_0007_0058_0127_0127.jpg 1 7 58 127 127
0611_0040_0025_0042_0042.jpg 1 40 25 42 42
0612_0075_0068_0105_0105.jpg 1 75 68 105 105
0613_0065_0018_0063_0063.jpg 1 65 18 63 63
0614_0073_0046_0098_0098.jpg 1 73 46 98 98
0615_0072_0021_0088_0088.jpg 1 72 21 88 88
0616_0033_0027_0125_0125.jpg 1 33 27 125 125
0617_0041_0046_0139_0139.jpg 1 41 46 139 139
0618_0019_0029_0099_0099.jpg 1 19 29 99 99
0619_0017_0017_0119_0119.jpg 1 17 17 119 119
0620_0053_0068_0038_0038.jpg 1 53 68 38 38
0621_0043_0034_0118_0118.jpg 1 43 34 118 118
0622_0056_0074_0084_0084.jpg 1 56 74 84 84
0623_0136_0032_0029_0029.jpg 1 136 32 29 29
0624_0102_0101_0053_0053.jpg 1 102 101 53 53
0625_0033_0022_0122_0122.jpg 1 33 22 122 122
0626_0044_0019_0100_0100.jpg 1 44 19 100 100
0627_0036_0090_0086_0086.jpg 1 36 90 86 86
0628_0020_0011_0124_0124.jpg 1 20 11 124 124
0629_0017_0095_0073_0073.jpg 1 17 95 73 73
0630_0048_0077_0057_0057.jpg 1 48 77 57 57
0631_0018_0009_0116_0116.jpg 1 18 9 116 116
0632_0035_0073_0026_0026.jpg 1 35 73 26 26
0633_0057_0040_0105_0105.jpg 1 57 40 105 105
0634_0100_0066_0048_0048.jpg 1 100 66 48 48
0635_0119_0053_0031_0031.jpg 1 119 53 31 31
0636_0064_0045_0090_0090.jpg 1 64 45 90 90
0637_0097_0068_0058_0058.jpg 1 97 68 58 58
0638_0067_0070_0065_0065.jpg 1 67 70 65 65
0639_0031_0073_0071_0071.jpg 1 31 73 71 71
0640_0019_0048_0132_0132.jpg 1 19 48 132 132
0641_0014_0008_0133_0133.jpg 1 14 8 133 133
0642_0018_0019_0084_0084.jpg 1 18 19 84 84
0643_0027_0028_0132_0132.jpg 1 27 28 132 132
0644_0067_0025_0105_0105.jpg 1 67 25 105 105
0645_0044_0009_0130_0130.jpg 1 44 9 130 130
0646_0045_0016_0129_0129.jpg 1 45 16 129 129
0647_0020_0045_0115_0115.jpg 1 20 45 115 115
0648_0037_0053_0105_0105.jpg 1 37 53 105 105
0649_0030_0089_0085_0085.jpg 1 30 89 85 85
0650_0040_0063_0062_0062.jpg 1 40 63 62 62
0651_0086_0076_0091_0091.jpg 1 86 76 91 91
0652_0087_0061_0065_0065.jpg 1 87 61 65 65
0653_0038_0033_0105_0105.jpg 1 38 33 105 105
0654_0099_0069_0065_0065.jpg 1 99 69 65 65
0655_0030_0008_0123_0123.jpg 1 30 8 123 123
0656_0054_0085_0053_0053.jpg 1 54 85 53 53
0657_0057_0010_0096_0096.jpg 1 57 10 96 96
0658_0131_0092_0035_0035.jpg 1 131 92 35 35
0659_0075_0028_0105_0105.jpg 1 75 28 105 105
0660_0018_0033_0071_0071.jpg 1 18 33 71 71
0661_0087_0039_0058_0058.jpg 1 87 39 58 58
0662_0041_0107_0038_0038.jpg 1 41 107 38 38
0663_0044_0076_0039_0039.jpg 1 44 76 39 39
0664_0069_0044_0038_0038.jpg 1 69 44 38 38
0665_0056_0012_0098_0098.jpg 1 56 12 98 98
0666_0040_0071_0058_0058.jpg 1 40 71 58 58
0667_0050_0066_0029_0029.jpg 1 50 66 29 29
0668_0080_0097_0073_0073.jpg 1 80 97 73 73
0669_0127_0073_0037_0037.jpg 1 127 73 37 37
0670_0050_0064_0071_0071.jpg 1 50 64 71 71
0671_0084_0078_0052_0052.jpg 1 84 78 52 52
0672_0007_0034_0136_0136.jpg 1 7 34 136 136
0673_0105_0040_0059_0059.jpg 1 105 40 59 59
0674_0075_0044_0050_0050.jpg 1 75 44 50 50
0675_0050_0097_0071_0071.jpg 1 50 97 71 71
0676_0030_0012_0135_0135.jpg 1 30 12 135 135
0677_0032_0019_0025_0025.jpg 1 32 19 25 25
0678_0057_0101_0053_0053.jpg 1 57 101 53 53
0679_0087_0100_0040_0040.jpg 1 87 100 40 40
0680_0054_0059_0091_0091.jpg 1 54 59 91 91
0681_0035_0096_0065_0065.jpg 1 35 96 65 65
0682_0033_0049_0124_0124.jpg 1 33 49 124 124
0683_0037_0040_0116_0116.jpg 1 37 40 116 116
0684_0042_0103_0041_0041.jpg 1 42 103 41 41
0685_0055_0068_0105_0105.jpg 1 55 68 105 105
0686_0014_0082_0092_0092.jpg 1 14 82 92 92
0687_0031_0089_0067_0067.jpg 1 31 89 67 67
0688_0110_0085_0062_0062.jpg 1 110 85 62 62
0689_0043_0071_0102_0102.jpg 1 43 71 102 102
0690_0083_0091_0070_0070.jpg 1 83 91 70 70
0691_0068_0075_0095_0095.jpg 1 68 75 95 95
0692_0089_0016_0063_0063.jpg 1 89 16 63 63
0693_0049_0078_0064_0064.jpg 1 49 78 64 64
0694_0026_0018_0115_0115.jpg 1 26 18 115 115
0695_0048_0027_0052_0052.jpg 1 48 27 52 52
0696_0066_0028_0114_0114.jpg 1 66 28 114 114
0697_0044_0028_0075_0075.jpg 1 44 28 75 75
0698_0062_0015_0116_0116.jpg 1 62 15 116 116
0699_0036_0043_0128_0128.jpg 1 36 43 128 128
0700_0082_0088_0064_0064.jpg 1 82 88 64 64
0701_0012_0039_0126_0126.jpg 1 12 39 126 126
0702_0022_0111_0025_0025.jpg 1 22 111 25 25
0703_0028_0011_0104_0104.jpg 1 28 11 104 104
0704_0094_0037_0028_0028.jpg 1 94 37 28 28
0705_0054_0039_0090_0090.jpg 1 54 39 90 90
0706_0075_0058_0024_0024.jpg 1 75 58 24 24
0707_0076_0085_0026_0026.jpg 1 76 85 26 26
0708_0045_0013_0130_0130.jpg 1 45 13 130 130
0709_0023_0057_0065_0065.jpg 1 23 57 65 65
0710_0040_0081_0077_0077.jpg 1 40 81 77 77
0711_0021_0049_0137_0137.jpg 1 21 49 137 137
0712_0015_0072_0101_0101.jpg 1 15 72 101 101
0713_0064_0053_0109_0109.jpg 1 64 53 109 109
0714_0066_0014_0085_0085.jpg 1 66 14 85 85
0715_0075_0025_0085_0085.jpg 1 75 25 85 85
0716_0135_0083_0024_0024.jpg 1 135 83 24 24
0717_0059_0034_0120_0120.jpg 1 59 34 120 120
0718_0039_0115_0029_0029.jpg 1 39 115 29 29
0719_0088_0086_0071_0071.jpg 1 88 86 71 71
0720_0039_0035_0120_0120.jpg 1 39 35 120 120
0721_0064_0093_0058_0058.jpg 1 64 93 58 58
0722_0010_0041_0111_0111.jpg 1 10 41 111 111
0723_0077_0072_0029_0029.jpg 1 77 72 29 29
0724_0069_0079_0064_0064.jpg 1 69 79 64 64
0725_0015_0019_0130_0130.jpg 1 15 19 130 130
0726_0024_0054_0089_0089.jpg 1 24 54 89 89
0727_0081_0014_0086_0086.jpg 1 81 14 86 86
0728_0028_0029_0133_0133.jpg 1 28 29 133 133
0729_0050_0042_0066_0066.jpg 1 50 42 66 66
0730_0077_0035_0081_0081.jpg 1 77 35 81 81
0731_0032_0041_0123_0123.jpg 1 32 41 123 123
0732_0084_0081_0087_0087.jpg 1 84 81 87 87
0733_0054_0054_0125_0125.jpg 1 54 54 125 125
0734_0046_0072_0080_0080.jpg 1 46 72 80 80
0735_0064_0109_0030_0030.jpg 1 64 109 30 30
0736_0015_0024_0138_0138.jpg 1 15 24 138 138
0737_0015_0050_0117_0117.jpg 1 15 50 117 117
0738_0021_0062_0045_0045.jpg 1 21 62 45 45
0739_0121_0059_0034_0034.jpg 1 121 59 34 34
0740_0035_0078_0090_0090.jpg 1 35 78 90 90
0741_0083_0123_0039_0039.jpg 1 83 123 39 39
0742_0080_0131_0028_0028.jpg 1 80 131 28 28
0743_0040_0082_0075_0075.jpg 1 40 82 75 75
0744_0015_0036_0132_0132.jpg 1 15 36 132 132
0745_0074_0021_0051_0051.jpg 1 74 21 51 51
0746_0051_0075_0048_0048.jpg 1 51 75 48 48
0747_0046_0032_0134_0134.jpg 1 46 32 134 134
0748_0081_0079_0047_0047.jpg 1 81 79 47 47
0749_0030_0057_0117_0117.jpg 1 30 57 117 117
0750_0038_0048_0138_0138.jpg 1 38 48 138 138
0751_0060_0010_0110_0110.jpg 1 60 10 110 110
0752_0106_0127_0025_0025.jpg 1 106 127 25 25
0753_0097_0019_0052_0052.jpg 1 97 19 52 52
0754_0015_0051_0076_0076.jpg 1 15 51 76 76
0755_0041_0032_0129_0129.jpg 1 41 32 129 129
0756_0048_0071_0032_0032.jpg 1 48 71 32 32
0757_0066_0050_0109_0109.jpg 1 66 50 109 109
0758_0024_0047_0120_0120.jpg 1 24 47 120 120
0759_0063_0083_0090_0090.jpg 1 63 83 90 90
0760_0093_0102_0037_0037.jpg 1 93 102 37 37
0761_0053_0032_0039_0039.jpg 1 53 32 39 39
0762_0038_0006_0139_0139.jpg 1 38 6 139 139
0763_0040_0017_0092_0092.jpg 1 40 17 92 92
0764_0086_0072_0078_0078.jpg 1 86 72 78 78
0765_0073_0017_0078_0078.jpg 1 73 17 78 78
0766_0100_0060_0070_0070.jpg 1 100 60 70 70
0767_0067_0096_0040_0040.jpg 1 67 96 40 40
0768_0040_0017_0088_0088.jpg 1 40 17 88 88
0769_0071_0088_0059_0059.jpg 1 71 88 59 59
0770_0080_0074_0056_0056.jpg 1 80 74 56 56
0771_0114_0086_0034_0034.jpg 1 114 86 34 34
0772_0036_0086_0031_0031.jpg 1 36 86 31 31
0773_0051_0013_0135_0135.jpg 1 51 13 135 135
0774_0029_0014_0136_0136.jpg 1 29 14 136 136
0775_0075_0087_0062_0062.jpg 1 75 87 62 62
0776_0044_0118_0032_0032.jpg 1 44 118 32 32
0777_0077_0036_0087_0087.jpg 1 77 36 87 87
0778_0030_0032_0123_0123.jpg 1 30 32 123 123
0779_0009_0059_0111_0111.jpg 1 9 59 111 111
0780_0059_0028_0124_0124.jpg 1 59 28 124 124
0781_0070_0035_0106_0106.jpg 1 70 35 106 106
0782_0053_0089_0037_0037.jpg 1 53 89 37 37
0783_0083_0055_0049_0049.jpg 1 83 55 49 49
0784_0014_0044_0129_0129.jpg 1 14 44 129 129
0785_0125_0117_0035_0035.jpg 1 125 117 35 35
0786_0103_0127_0036_0036.jpg 1 103 127 36 36
0787_0058_0039_0123_0123.jpg 1 58 39 123 123
0788_0051_0052_0090_0090.jpg 1 51 52 90 90
0789_0110_0037_0046_0046.jpg 1 110 37 46 46
0790_0054_0020_0033_0033.jpg 1 54 20 33 33
0791_0030_0050_0087_0087.jpg 1 30 50 87 87
0792_0043_0037_0110_0110.jpg 1 43 37 110 110
0793_0077_0084_0073_0073.jpg 1 77 84 73 73
0794_0059_0115_0032_0032.jpg 1 59 115 32 32
0795_0024_0062_0110_0110.jpg 1 24 62 110 110
0796_0016_0017_0092_0092.jpg 1 16 17 92 92
0797_0050_0098_0041_0041.jpg 1 50 98 41 41
0798_0041_0050_0063_0063.jpg 1 41 50 63 63
0799_0011_0014_0100_0100.jpg 1 11 14 100 100
0800_0112_0090_0025_0025.jpg 1 112 90 25 25
0801_0026_0034_0130_0130.jpg 1 26 34 130 130
0802_0026_0024_0131_0131.jpg 1 26 24 131 131
0803_0048_0014_0130_0130.jpg 1 48 14 130 130
0804_0092_0035_0036_0036.jpg 1 92 35 36 36
0805_0017_0023_0126_0126.jpg 1 17 23 126 126
0806_0098_0062_0064_0064.jpg 1 98 62 64 64
0807_0067_0051_0025_0025.jpg 1 67 51 25 25
0808_0033_0074_0038_0038.jpg 1 33 74 38 38
0809_0041_0113_0030_0030.jpg 1 41 113 30 30
0810_0036_0024_0082_0082.jpg 1 36 24 82 82
0811_0032_0039_0090_0090.jpg 1 32 39 90 90
0812_0064_0041_0116_0116.jpg 1 64 41 116 116
0813_0051_0104_0061_0061.jpg 1 51 104 61 61
0814_0099_0050_0069_0069.jpg 1 99 50 69 69
0815_0037_0018_0105_0105.jpg 1 37 18 105 105
0816_0008_0015_0128_0128.jpg 1 8 15 128 128
0817_0044_0102_0065_0065.jpg 1 44 102 65 65
0818_0104_0060_0060_0060.jpg 1 104 60 60 60
0819_0045_0053_0071_0071.jpg 1 45 53 71 71
0820_0040_0077_0062_0062.jpg 1 40 77 62 62
0821_0025_0075_0057_0057.jpg 1 25 75 57 57
0822_0012_0041_0093_0093.jpg 1 12 41 93 93
0823_0052_0055_0126_0126.jpg 1 52 55 126 126
0824_0016_0026_0100_0100.jpg 1 16 26 100 100
0825_0077_0031_0098_0098.jpg 1 77 31 98 98
0826_0056_0109_0061_0061.jpg 1 56 109 61 61
0827_0034_0087_0081_0081.jpg 1 34 87 81 81
0828_0029_0041_0134_0134.jpg 1 29 41 134 134
0829_0009_0008_0120_0120.jpg 1 9 8 120 120
0830_0015_0094_0063_0063.jpg 1 15 94 63 63
0831_0046_0034_0080_0080.jpg 1 46 34 80 80
0832_0071_0037_0089_0089.jpg 1 71 37 89 89
0833_0061_0029_0029_0029.jpg 1 61 29 29 29
0834_0073_0114_0057_0057.jpg 1 73 114 57 57
0835_0068_0108_0045_0045.jpg 1 68 108 45 45
0836_0047_0024_0088_0088.jpg 1 47 24 88 88
0837_0018_0106_0065_0065.jpg 1 18 106 65 65
0838_0033_0043_0030_0030.jpg 1 33 43 30 30
0839_0055_0063_0105_0105.jpg 1 55 63 105 105
0840_0019_0090_0024_0024.jpg 1 19 90 24 24
0841_0085_0027_0064_0064.jpg 1 85 27 64 64
0842_0040_0047_0128_0128.jpg 1 40 47 128 128
0843_0048_0034_0051_0051.jpg 1 48 34 51 51
0844_0088_0022_0047_0047.jpg 1 88 22 47 47
0845_0050_0046_0100_0100.jpg 1 50 46 100 100
0846_0096_0015_0047_0047.jpg 1 96 15 47 47
0847_0050_0037_0099_0099.jpg 1 50 37 99 99
0848_0070_0098_0025_0025.jpg 1 70 98 25 25
0849_0021_0052_0054_0054.jpg 1 21 52 54 54
0850_0117_0128_0029_0029.jpg 1 117 128 29 29
0851_0067_0052_0110_0110.jpg 1 67 52 110 110
0852_0018_0078_0059_0059.jpg 1 18 78 59 59
0853_0052_0117_0046_0046.jpg 1 52 117 46 46
0854_0015_0015_0065_0065.jpg 1 15 15 65 65
0855_0073_0075_0088_0088.jpg 1 73 75 88 88
0856_0036_0066_0062_0062.jpg 1 36 66 62 62
0857_0028_0032_0104_0104.jpg 1 28 32 104 104
0858_0029_0099_0042_0042.jpg 1 29 99 42 42
0859_0036_0067_0110_0110.jpg 1 36 67 110 110
0860_0035_0025_0131_0131.jpg 1 35 25 131 131
0861_0020_0108_0027_0027.jpg 1 20 108 27 27
0862_0060_0030_0034_0034.jpg 1 60 30 34 34
0863_0044_0054_0103_0103.jpg 1 44 54 103 103
0864_0030_0043_0135_0135.jpg 1 30 43 135 135
0865_0084_0042_0089_0089.jpg 1 84 42 89 89
0866_0061_0043_0098_0098.jpg 1 61 43 98 98
0867_0042_0028_0069_0069.jpg 1 42 28 69 69
0868_0013_0032_0073_0073.jpg 1 13 32 73 73
0869_0036_0035_0046_0046.jpg 1 36 35 46 46
0870_0068_0012_0103_0103.jpg 1 68 12 103 103
0871_0031_0037_0064_0064.jpg 1 31 37 64 64
0872_0086_0078_0084_0084.jpg 1 86 78 84 84
0873_0110_0057_0030_0030.jpg 1 110 57 30 30
0874_0033_0057_0094_0094.jpg 1 33 57 94 94
0875_0098_0040_0039_0039.jpg 1 98 40 39 39
0876_0037_0030_0064_0064.jpg 1 37 30 64 64
0877_0061_0032_0103_0103.jpg 1 61 32 103 103
0878_0061_0069_0077_0077.jpg 1 61 69 77 77
0879_0056_0055_0089_0089.jpg 1 56 55 89 89
0880_0030_0019_0138_0138.jpg 1 30 19 138 138
0881_0036_0021_0130_0130.jpg 1 36 21 130 130
0882_0047_0047_0099_0099.jpg 1 47 47 99 99
0883_0031_0063_0121_0121.jpg 1 31 63 121 121
0884_0013_0069_0105_0105.jpg 1 13 69 105 105
0885_0030_0022_0039_0039.jpg 1 30 22 39 39
0886_0016_0035_0130_0130.jpg 1 16 35 130 130
0887_0014_0035_0137_0137.jpg 1 14 35 137 137
0888_0021_0023_0122_0122.jpg 1 21 23 122 122
0889_0012_0012_0124_0124.jpg 1 12 12 124 124
0890_0089_0097_0064_0064.jpg 1 89 97 64 64
0891_0061_0131_0033_0033.jpg 1 61 131 33 33
0892_0096_0043_0076_0076.jpg 1 96 43 76 76
0893_0032_0100_0041_0041.jpg 1 32 100 41 41
0894_0033_0044_0122_0122.jpg 1 33 44 122 122
0895_0084_0103_0024_0024.jpg 1 84 103 24 24
0896_0088_0117_0053_0053.jpg 1 88 117 53 53
0897_0051_0055_0107_0107.jpg 1 51 55 107 107
0898_0007_0030_0131_0131.jpg 1 7 30 131 131
0899_0015_0017_0123_0123.jpg 1 15 17 123 123
0900_0047_0066_0031_0031.jpg 1 47 66 31 31
0901_0014_0026_0132_0132.jpg 1 14 26 132 132
0902_0066_0029_0074_0074.jpg 1 66 29 74 74
0903_0089_0058_0035_0035.jpg 1 89 58 35 35
0904_0060_0074_0093_0093.jpg 1 60 74 93 93
0905_0032_0059_0113_0113.jpg 1 32 59 113 113
0906_0072_0072_0028_0028.jpg 1 72 72 28 28
0907_0092_0055_0034_0034.jpg 1 92 55 34 34
0908_0025_0134_0028_0028.jpg 1 25 134 28 28
0909_0073_0059_0031_0031.jpg 1 73 59 31 31
0910_0027_0056_0107_0107.jpg 1 27 56 107 107
0911_0021_0039_0110_0110.jpg 1 21 39 110 110
0912_0057_0059_0043_0043.jpg 1 57 59 43 43
0913_0023_0062_0070_0070.jpg 1 23 62 70 70
0914_0049_0080_0066_0066.jpg 1 49 80 66 66
0915_0045_0014_0120_0120.jpg 1 45 14 120 120
0916_0032_0083_0024_0024.jpg 1 32 83 24 24
0917_0057_0099_0061_0061.jpg 1 57 99 61 61
0918_0098_0074_0059_0059.jpg 1 98 74 59 59
0919_0105_0056_0067_0067.jpg 1 105 56 67 67
0920_0081_0083_0038_0038.jpg 1 81 83 38 38
0921_0026_0018_0072_0072.jpg 1 26 18 72 72
0922_0089_0017_0028_0028.jpg 1 89 17 28 28
0923_0049_0052_0120_0120.jpg 1 49 52 120 120
0924_0043_0074_0106_0106.jpg 1 43 74 106 106
0925_0013_0064_0108_0108.jpg 1 13 64 108 108
0926_0026_0077_0091_0091.jpg 1 26 77 91 91
0927_0054_0019_0104_0104.jpg 1 54 19 104 104
0928_0085_0068_0051_0051.jpg 1 85 68 51 51
0929_0041_0076_0078_0078.jpg 1 41 76 78 78
0930_0106_0052_0057_0057.jpg 1 106 52 57 57
0931_0030_0067_0099_0099.jpg 1 30 67 99 99
0932_0096_0097_0034_0034.jpg 1 96 97 34 34
0933_0035_0040_0036_0036.jpg 1 35 40 36 36
0934_0091_0022_0057_0057.jpg 1 91 22 57 57
0935_0089_0073_0078_0078.jpg 1 89 73 78 78
0936_0063_0039_0102_0102.jpg 1 63 39 102 102
0937_0093_0022_0039_0039.jpg 1 93 22 39 39
0938_0073_0081_0063_0063.jpg 1 73 81 63 63
0939_0088_0070_0066_0066.jpg 1 88 70 66 66
0940_0045_0040_0129_0129.jpg 1 45 40 129 129
0941_0059_0067_0028_0028.jpg 1 59 67 28 28
0942_0018_0074_0088_0088.jpg 1 18 74 88 88
0943_0020_0082_0040_0040.jpg 1 20 82 40 40
0944_0085_0120_0042_0042.jpg 1 85 120 42 42
0945_0082_0077_0086_0086.jpg 1 82 77 86 86
0946_0013_0018_0119_0119.jpg 1 13 18 119 119
0947_0010_0033_0128_0128.jpg 1 10 33 128 128
0948_0105_0065_0059_0059.jpg 1 105 65 59 59
0949_0121_0070_0034_0034.jpg 1 121 70 34 34
0950_0020_0043_0110_0110.jpg 1 20 43 110 110
0951_0029_0064_0112_0112.jpg 1 29 64 112 112
0952_0052_0029_0115_0115.jpg 1 52 29 115 115
0953_0044_0085_0075_0075.jpg 1 44 85 75 75
0954_0119_0116_0029_0029.jpg 1 119 116 29 29
0955_0044_0085_0091_0091.jpg 1 44 85 91 91
0956_0014_0095_0068_0068.jpg 1 14 95 68 68
0957_0078_0024_0099_0099.jpg 1 78 24 99 99
0958_0094_0019_0039_0039.jpg 1 94 19 39 39
0959_0109_0104_0048_0048.jpg 1 109 104 48 48
0960_0032_0036_0134_0134.jpg 1 32 36 134 134
0961_0070_0045_0046_0046.jpg 1 70 45 46 46
0962_0023_0121_0047_0047.jpg 1 23 121 47 47
0963_0016_0013_0120_0120.jpg 1 16 13 120 120
0964_0015_0082_0085_0085.jpg 1 15 82 85 85
0965_0093_0074_0060_0060.jpg 1 93 74 60 60
0966_0064_0026_0101_0101.jpg 1 64 26 101 101
0967_0058_0109_0052_0052.jpg 1 58 109 52 52
0968_0044_0121_0040_0040.jpg 1 44 121 40 40
0969_0042_0091_0039_0039.jpg 1 42 91 39 39
0970_0053_0089_0037_0037.jpg 1 53 89 37 37
0971_0007_0034_0122_0122.jpg 1 7 34 122 122
0972_0034_0015_0135_0135.jpg 1 34 15 135 135
0973_0037_0038_0080_0080.jpg 1 37 38 80 80
0974_0056_0066_0056_0056.jpg 1 56 66 56 56
0975_0036_0127_0037_0037.jpg 1 36 127 37 37
0976_0035_0039_0137_0137.jpg 1 35 39 137 137
0977_0056_0007_0128_0128.jpg 1 56 7 128 128
0978_0074_0074_0094_0094.jpg 1 74 74 94 94
0979_0014_0006_0134_0134.jpg 1 14 6 134 134
0980_0024_0056_0031_0031.jpg 1 24 56 31 31
0981_0015_0026_0133_0133.jpg 1 15 26 133 133
0982_0107_0132_0028_0028.jpg 1 107 132 28 28
0983_0072_0057_0077_0077.jpg 1 72 57 77 77
0984_0011_0022_0124_0124.jpg 1 11 22 124 124
0985_0069_0032_0111_0111.jpg 1 69 32 111 111
0986_0068_0028_0106_0106.jpg 1 68 28 106 106
0987_0041_0017_0135_0135.jpg 1 41 17 135 135
0988_0069_0067_0027_0027.jpg 1 69 67 27 27
0989_0035_0022_0134_0134.jpg 1 35 22 134 134
0990_0035_0114_0033_0033.jpg 1 35 114 33 33
0991_0068_0056_0104_0104.jpg 1 68 56 104 104
0992_0060_0102_0052_0052.jpg 1 60 102 52 52
0993_0049_0050_0124_0124.jpg 1 49 50 124 124
0994_0107_0083_0049_0049.jpg 1 107 83 49 49
0995_0015_0007_0127_0127.jpg 1 15 7 127 127
0996_0071_0061_0053_0053.jpg 1 71 61 53 53
0997_0067_0088_0040_0040.jpg 1 67 88 40 40
0998_0061_0054_0085_0085.jpg 1 61 54 85 85
0999_0018_0048_0074_0074.jpg 1 18 48 74 74
1000_0054_0030_0108_0108.jpg 1 54 30 108 108
1001_0072_0077_0046_0046.jpg 1 72 77 46 46
1002_0031_0024_0109_0109.jpg 1 31 24 109 109
1003_0031_0063_0109_0109.jpg 1 31 63 109 109
1004_0110_0017_0041_0041.jpg 1 110 17 41 41
1005_0046_0060_0092_0092.jpg 1 46 60 92 92
1006_0055_0032_0116_0116.jpg 1 55 32 116 116
1007_0048_0050_0111_0111.jpg 1 48 50 111 111
1008_0015_0031_0077_0077.jpg 1 15 31 77 77
1009_0110_0017_0044_0044.jpg 1 110 17 44 44
1010_0092_0036_0077_0077.jpg 1 92 36 77 77
1011_0031_0054_0114_0114.jpg 1 31 54 114 114
1012_0085_0021_0091_0091.jpg 1 85 21 91 91
1013_0058_0108_0034_0034.jpg 1 58 108 34 34
1014_0062_0032_0117_0117.jpg 1 62 32 117 117
1015_0018_0039_0024_0024.jpg 1 18 39 24 24
1016_0042_0041_0115_0115.jpg 1 42 41 115 115
1017_0056_0081_0037_0037.jpg 1 56 81 37 37
1018_0066_0066_0082_0082.jpg 1 66 66 82 82
1019_0023_0062_0087_0087.jpg 1 23 62 87 87
1020_0034_0030_0089_0089.jpg 1 34 30 89 89
1021_0071_0075_0035_0035.jpg 1 71 75 35 35
1022_0045_0030_0131_0131.jpg 1 45 30 131 131
1023_0015_0044_0104_0104.jpg 1 15 44 104 104
1024_0123_0031_0035_0035.jpg 1 123 31 35 35
1025_0081_0115_0047_0047.jpg 1 81 115 47 47
1026_0040_0025_0083_0083.jpg 1 40 25 83 83
1027_0044_0043_0074_0074.jpg 1 44 43 74 74
1028_0051_0058_0125_0125.jpg 1 51 58 125 125
1029_0066_0100_0058_0058.jpg 1 66 100 58 58
1030_0024_0006_0134_0134.jpg 1 24 6 134 134
1031_0131_0073_0035_0035.jpg 1 131 73 35 35
1032_0031_0035_0119_0119.jpg 1 31 35 119 119
1033_0071_0067_0072_0072.jpg 1 71 67 72 72
1034_0129_0078_0033_0033.jpg 1 129 78 33 33
1035_0026_0013_0138_0138.jpg 1 26 13 138 138
1036_0016_0049_0137_0137.jpg 1 16 49 137 137
1037_0092_0025_0047_0047.jpg 1 92 25 47 47
1038_0042_0012_0092_0092.jpg 1 42 12 92 92
1039_0032_0117_0037_0037.jpg 1 32 117 37 37
1040_0077_0067_0074_0074.jpg 1 77 67 74 74
1041_0069_0078_0092_0092.jpg 1 69 78 92 92
1042_0035_0051_0039_0039.jpg 1 35 51 39 39
1043_0022_0098_0043_0043.jpg 1 22 98 43 43
1044_0045_0023_0101_0101.jpg 1 45 23 101 101
1045_0050_0030_0089_0089.jpg 1 50 30 89 89
1046_0023_0086_0088_0088.jpg 1 23 86 88 88
1047_0034_0096_0068_0068.jpg 1 34 96 68 68
1048_0062_0043_0108_0108.jpg 1 62 43 108 108
1049_0043_0015_0118_0118.jpg 1 43 15 118 118
1050_0093_0020_0078_0078.jpg 1 93 20 78 78
1051_0048_0028_0139_0139.jpg 1 48 28 139 139
1052_0121_0089_0038_0038.jpg 1 121 89 38 38
1053_0077_0024_0054_0054.jpg 1 77 24 54 54
1054_0050_0033_0029_0029.jpg 1 50 33 29 29
1055_0087_0105_0056_0056.jpg 1 87 105 56 56
1056_0116_0051_0048_0048.jpg 1 116 51 48 48
1057_0094_0014_0078_0078.jpg 1 94 14 78 78
1058_0038_0029_0102_0102.jpg 1 38 29 102 102
1059_0057_0072_0098_0098.jpg 1 57 72 98 98
1060_0031_0054_0041_0041.jpg 1 31 54 41 41
1061_0022_0013_0116_0116.jpg 1 22 13 116 116
1062_0036_0008_0117_0117.jpg 1 36 8 117 117
1063_0095_0084_0045_0045.jpg 1 95 84 45 45
1064_0055_0062_0070_0070.jpg 1 55 62 70 70
1065_0022_0079_0039_0039.jpg 1 22 79 39 39
1066_0088_0080_0036_0036.jpg 1 88 80 36 36
1067_0033_0106_0062_0062.jpg 1 33 106 62 62
1068_0110_0041_0056_0056.jpg 1 110 41 56 56
1069_0048_0042_0098_0098.jpg 1 48 42 98 98
1070_0065_0059_0101_0101.jpg 1 65 59 101 101
1071_0040_0037_0118_0118.jpg 1 40 37 118 118
1072_0078_0103_0070_0070.jpg 1 78 103 70 70
1073_0077_0088_0089_0089.jpg 1 77 88 89 89
1074_0038_0009_0132_0132.jpg 1 38 9 132 132
1075_0092_0074_0083_0083.jpg 1 92 74 83 83
1076_0032_0017_0091_0091.jpg 1 32 17 91 91
1077_0056_0027_0121_0121.jpg 1 56 27 121 121
1078_0121_0083_0031_0031.jpg 1 121 83 31 31
1079_0020_0038_0111_0111.jpg 1 20 38 111 111
1080_0042_0019_0121_0121.jpg 1 42 19 121 121
1081_0013_0050_0121_0121.jpg 1 13 50 121 121
1082_0125_0080_0024_0024.jpg 1 125 80 24 24
1083_0073_0090_0087_0087.jpg 1 73 90 87 87
1084_0032_0048_0071_0071.jpg 1 32 48 71 71
1085_0010_0019_0120_0120.jpg 1 10 19 120 120
1086_0065_0022_0112_0112.jpg 1 65 22 112 112
1087_0054_0045_0128_0128.jpg 1 54 45 128 128
1088_0042_0055_0090_0090.jpg 1 42 55 90 90
1089_0013_0067_0099_0099.jpg 1 13 67 99 99
1090_0022_0114_0036_0036.jpg 1 22 114 36 36
1091_0019_0056_0122_0122.jpg 1 19 56 122 122
1092_0074_0090_0061_0061.jpg 1 74 90 61 61
1093_0093_0135_0024_0024.jpg 1 93 135 24 24
1094_0022_0094_0046_0046.jpg 1 22 94 46 46
1095_0042_0029_0064_0064.jpg 1 42 29 64 64
1096_0024_0067_0096_0096.jpg 1 24 67 96 96
1097_0044_0057_0120_0120.jpg 1 44 57 120 120
1098_0088_0060_0076_0076.jpg 1 88 60 76 76
1099_0066_0062_0095_0095.jpg 1 66 62 95 95
1100_0030_0077_0043_0043.jpg 1 30 77 43 43
1101_0018_0094_0053_0053.jpg 1 18 94 53 53
1102_0013_0023_0128_0128.jpg 1 13 23 128 128
1103_0019_0070_0067_0067.jpg 1 19 70 67 67
1104_0045_0018_0129_0129.jpg 1 45 18 129 129
1105_0035_0039_0108_0108.jpg 1 35 39 108 108
1106_0087_0037_0075_0075.jpg 1 87 37 75 75
1107_0053_0043_0096_0096.jpg 1 53 43 96 96
1108_0038_0100_0066_0066.jpg 1 38 100 66 66
1109_0047_0012_0112_0112.jpg 1 47 12 112 112
1110_0036_0119_0026_0026.jpg 1 36 119 26 26
1111_0056_0027_0080_0080.jpg 1 56 27 80 80
1112_0046_0051_0063_0063.jpg 1 46 51 63 63
1113_0069_0044_0089_0089.jpg 1 69 44 89 89
1114_0088_0057_0078_0078.jpg 1 88 57 78 78
1115_0039_0015_0110_0110.jpg 1 39 15 110 110
1116_0070_0079_0070_0070.jpg 1 70 79 70 70
1117_0080_0080_0084_0084.jpg 1 80 80 84 84
1118_0032_0031_0099_0099.jpg 1 32 31 99 99
1119_0063_0045_0088_0088.jpg 1 63 45 88 88
1120_0027_0069_0105_0105.jpg 1 27 69 105 105
1121_0051_0027_0122_0122.jpg 1 51 27 122 122
1122_0022_0021_0094_0094.jpg 1 22 21 94 94
1123_0010_0057_0125_0125.jpg 1 10 57 125 125
1124_0042_0016_0138_0138.jpg 1 42 16 138 138
1125_0011_0030_0133_0133.jpg 1 11 30 133 133
1126_0112_0114_0056_0056.jpg 1 112 114 56 56
1127_0014_0078_0070_0070.jpg 1 14 78 70 70
1128_0047_0012_0134_0134.jpg 1 47 12 134 134
1129_0040_0042_0041_0041.jpg 1 40 42 41 41
1130_0053_0060_0072_0072.jpg 1 53 60 72 72
1131_0013_0049_0112_0112.jpg 1 13 49 112 112
1132_0082_0060_0066_0066.jpg 1 82 60 66 66
1133_0029_0040_0068_0068.jpg 1 29 40 68 68
1134_0071_0017_0060_0060.jpg 1 71 17 60 60
1135_0032_0020_0121_0121.jpg 1 32 20 121 121
1136_0103_0063_0066_0066.jpg 1 103 63 66 66
1137_0021_0045_0048_0048.jpg 1 21 45 48 48
1138_0011_0017_0122_0122.jpg 1 11 17 122 122
1139_0072_0071_0027_0027.jpg 1 72 71 27 27
1140_0066_0066_0105_0105.jpg 1 66 66 105 105
1141_0079_0106_0040_0040.jpg 1 79 106 40 40
1142_0073_0042_0032_0032.jpg 1 73 42 32 32
1143_0024_0015_0097_0097.jpg 1 24 15 97 97
1144_0119_0103_0037_0037.jpg 1 119 103 37 37
1145_0090_0100_0045_0045.jpg 1 90 100 45 45
1146_0112_0099_0056_0056.jpg 1 112 99 56 56
1147_0066_0106_0065_0065.jpg 1 66 106 65 65
1148_0111_0047_0030_0030.jpg 1 111 47 30 30
1149_0053_0021_0119_0119.jpg 1 53 21 119 119
1150_0039_0042_0121_0121.jpg 1 39 42 121 121
1151_0053_0044_0120_0120.jpg 1 53 44 120 120
1152_0023_0020_0125_0125.jpg 1 23 20 125 125
1153_0060_0046_0045_0045.jpg 1 60 46 45 45
1154_0021_0012_0101_0101.jpg 1 21 12 101 101
1155_0023_0032_0122_0122.jpg 1 23 32 122 122
1156_0070_0066_0084_0084.jpg 1 70 66 84 84
1157_0025_0085_0082_0082.jpg 1 25 85 82 82
1158_0038_0091_0056_0056.jpg 1 38 91 56 56
1159_0054_0036_0099_0099.jpg 1 54 36 99 99
1160_0040_0114_0053_0053.jpg 1 40 114 53 53
1161_0054_0067_0053_0053.jpg 1 54 67 53 53
1162_0123_0084_0031_0031.jpg 1 123 84 31 31
1163_0038_0022_0136_0136.jpg 1 38 22 136 136
1164_0043_0031_0042_0042.jpg 1 43 31 42 42
1165_0034_0036_0089_0089.jpg 1 34 36 89 89
1166_0010_0048_0127_0127.jpg 1 10 48 127 127
1167_0061_0055_0080_0080.jpg 1 61 55 80 80
1168_0052_0055_0077_0077.jpg 1 52 55 77 77
1169_0102_0042_0027_0027.jpg 1 102 42 27 27
1170_0080_0070_0086_0086.jpg 1 80 70 86 86
1171_0009_0028_0117_0117.jpg 1 9 28 117 117
1172_0018_0049_0103_0103.jpg 1 18 49 103 103
1173_0085_0020_0061_0061.jpg 1 85 20 61 61
1174_0040_0011_0097_0097.jpg 1 40 11 97 97
1175_0051_0014_0099_0099.jpg 1 51 14 99 99
1176_0064_0031_0112_0112.jpg 1 64 31 112 112
1177_0010_0037_0125_0125.jpg 1 10 37 125 125
1178_0067_0076_0064_0064.jpg 1 67 76 64 64
1179_0018_0104_0057_0057.jpg 1 18 104 57 57
1180_0104_0085_0024_0024.jpg 1 104 85 24 24
1181_0107_0113_0056_0056.jpg 1 107 113 56 56
1182_0015_0055_0090_0090.jpg 1 15 55 90 90
1183_0065_0123_0029_0029.jpg 1 65 123 29 29
1184_0026_0121_0041_0041.jpg 1 26 121 41 41
1185_0021_0044_0125_0125.jpg 1 21 44 125 125
1186_0042_0105_0065_0065.jpg 1 42 105 65 65
1187_0016_0017_0041_0041.jpg 1 16 17 41 41
1188_0083_0088_0040_0040.jpg 1 83 88 40 40
1189_0041_0053_0123_0123.jpg 1 41 53 123 123
1190_0114_0096_0026_0026.jpg 1 114 96 26 26
1191_0102_0119_0032_0032.jpg 1 102 119 32 32
1192_0049_0059_0026_0026.jpg 1 49 59 26 26
1193_0041_0094_0024_0024.jpg 1 41 94 24 24
1194_0100_0042_0061_0061.jpg 1 100 42 61 61
1195_0109_0101_0049_0049.jpg 1 109 101 49 49
1196_0016_0019_0092_0092.jpg 1 16 19 92 92
1197_0020_0062_0081_0081.jpg 1 20 62 81 81
1198_0019_0036_0108_0108.jpg 1 19 36 108 108
1199_0034_0037_0059_0059.jpg 1 34 37 59 59
1200_0111_0052_0034_0034.jpg 1 111 52 34 34
1201_0048_0032_0055_0055.jpg 1 48 32 55 55
1202_0114_0109_0034_0034.jpg 1 114 109 34 34
1203_0050_0025_0119_0119.jpg 1 50 25 119 119
1204_0034_0056_0078_0078.jpg 1 34 56 78 78
1205_0055_0108_0038_0038.jpg 1 55 108 38 38
1206_0065_0016_0054_0054.jpg 1 65 16 54 54
1207_0055_0049_0108_0108.jpg 1 55 49 108 108
1208_0030_0027_0075_0075.jpg 1 30 27 75 75
1209_0066_0082_0093_0093.jpg 1 66 82 93 93
1210_0033_0030_0097_0097.jpg 1 33 30 97 97
1211_0110_0070_0038_0038.jpg 1 110 70 38 38
1212_0054_0105_0035_0035.jpg 1 54 105 35 35
1213_0053_0072_0101_0101.jpg 1 53 72 101 101
1214_0101_0037_0058_0058.jpg 1 101 37 58 58
1215_0021_0026_0090_0090.jpg 1 21 26 90 90
1216_0094_0091_0080_0080.jpg 1 94 91 80 80
1217_0042_0043_0074_0074.jpg 1 42 43 74 74
1218_0026_0027_0028_0028.jpg 1 26 27 28 28
1219_0040_0013_0085_0085.jpg 1 40 13 85 85
1220_0038_0027_0053_0053.jpg 1 38 27 53 53
1221_0036_0102_0049_0049.jpg 1 36 102 49 49
1222_0106_0073_0037_0037.jpg 1 106 73 37 37
1223_0026_0015_0131_0131.jpg 1 26 15 131 131
1224_0089_0097_0049_0049.jpg 1 89 97 49 49
1225_0087_0089_0049_0049.jpg 1 87 89 49 49
1226_0041_0057_0081_0081.jpg 1 41 57 81 81
1227_0104_0039_0061_0061.jpg 1 104 39 61 61
1228_0052_0010_0117_0117.jpg 1 52 10 117 117
1229_0015_0065_0052_0052.jpg 1 15 65 52 52
1230_0011_0012_0118_0118.jpg 1 11 12 118 118
1231_0067_0044_0091_0091.jpg 1 67 44 91 91
1232_0089_0079_0072_0072.jpg 1 89 79 72 72
1233_0035_0061_0029_0029.jpg 1 35 61 29 29
1234_0020_0037_0079_0079.jpg 1 20 37 79 79
1235_0024_0037_0101_0101.jpg 1 24 37 101 101
1236_0131_0067_0033_0033.jpg 1 131 67 33 33
1237_0028_0075_0075_0075.jpg 1 28 75 75 75
1238_0027_0031_0048_0048.jpg 1 27 31 48 48
1239_0011_0063_0109_0109.jpg 1 11 63 109 109
1240_0021_0029_0122_0122.jpg 1 21 29 122 122
1241_0113_0063_0058_0058.jpg 1 113 63 58 58
1242_0080_0102_0033_0033.jpg 1 80 102 33 33
1243_0077_0086_0043_0043.jpg 1 77 86 43 43
1244_0046_0047_0133_0133.jpg 1 46 47 133 133
1245_0047_0071_0027_0027.jpg 1 47 71 27 27
1246_0032_0040_0124_0124.jpg 1 32 40 124 124
1247_0046_0068_0076_0076.jpg 1 46 68 76 76
1248_0061_0056_0111_0111.jpg 1 61 56 111 111
1249_0052_0060_0041_0041.jpg 1 52 60 41 41
1250_0071_0016_0033_0033.jpg 1 71 16 33 33
1251_0060_0035_0051_0051.jpg 1 60 35 51 51
1252_0050_0083_0071_0071.jpg 1 50 83 71 71
1253_0073_0073_0092_0092.jpg 1 73 73 92 92
1254_0051_0034_0122_0122.jpg 1 51 34 122 122
1255_0052_0044_0106_0106.jpg 1 52 44 106 106
1256_0042_0066_0080_0080.jpg 1 42 66 80 80
1257_0029_0054_0098_0098.jpg 1 29 54 98 98
1258_0048_0027_0118_0118.jpg 1 48 27 118 118
1259_0037_0089_0054_0054.jpg 1 37 89 54 54
1260_0048_0022_0119_0119.jpg 1 48 22 119 119
1261_0110_0096_0057_0057.jpg 1 110 96 57 57
1262_0055_0060_0061_0061.jpg 1 55 60 61 61
1263_0043_0072_0108_0108.jpg 1 43 72 108 108
1264_0018_0069_0052_0052.jpg 1 18 69 52 52
1265_0008_0055_0117_0117.jpg 1 8 55 117 117
1266_0085_0080_0060_0060.jpg 1 85 80 60 60
1267_0063_0025_0078_0078.jpg 1 63 25 78 78
1268_0052_0070_0036_0036.jpg 1 52 70 36 36
1269_0022_0048_0137_0137.jpg 1 22 48 137 137
1270_0023_0068_0069_0069.jpg 1 23 68 69 69
1271_0064_0031_0083_0083.jpg 1 64 31 83 83
1272_0021_0040_0110_0110.jpg 1 21 40 110 110
1273_0056_0090_0078_0078.jpg 1 56 90 78 78
1274_0013_0030_0114_0114.jpg 1 13 30 114 114
1275_0015_0031_0098_0098.jpg 1 15 31 98 98
1276_0020_0093_0061_0061.jpg 1 20 93 61 61
1277_0028_0064_0079_0079.jpg 1 28 64 79 79
1278_0022_0023_0112_0112.jpg 1 22 23 112 112
1279_0025_0068_0082_0082.jpg 1 25 68 82 82
1280_0024_0019_0100_0100.jpg 1 24 19 100 100
1281_0019_0085_0088_0088.jpg 1 19 85 88 88
1282_0020_0020_0130_0130.jpg 1 20 20 130 130
1283_0012_0028_0119_0119.jpg 1 12 28 119 119
1284_0035_0037_0110_0110.jpg 1 35 37 110 110
1285_0020_0021_0139_0139.jpg 1 20 21 139 139
1286_0037_0054_0131_0131.jpg 1 37 54 131 131
1287_0046_0100_0043_0043.jpg 1 46 100 43 43
1288_0049_0049_0137_0137.jpg 1 49 49 137 137
1289_0022_0037_0128_0128.jpg 1 22 37 128 128
1290_0021_0043_0128_0128.jpg 1 21 43 128 128
1291_0058_0077_0055_0055.jpg 1 58 77 55 55
1292_0021_0017_0132_0132.jpg 1 21 17 132 132
1293_0019_0052_0101_0101.jpg 1 19 52 101 101
1294_0055_0050_0102_0102.jpg 1 55 50 102 102
1295_0080_0119_0050_0050.jpg 1 80 119 50 50
1296_0049_0066_0035_0035.jpg 1 49 66 35 35
1297_0060_0020_0116_0116.jpg 1 60 20 116 116
1298_0043_0044_0098_0098.jpg 1 43 44 98 98
1299_0042_0039_0037_0037.jpg 1 42 39 37 37
1300_0057_0022_0096_0096.jpg 1 57 22 96 96
1301_0047_0052_0121_0121.jpg 1 47 52 121 121
1302_0062_0025_0090_0090.jpg 1 62 25 90 90
1303_0094_0016_0059_0059.jpg 1 94 16 59 59
1304_0065_0088_0078_0078.jpg 1 65 88 78 78
1305_0062_0137_0025_0025.jpg 1 62 137 25 25
1306_0063_0080_0084_0084.jpg 1 63 80 84 84
1307_0109_0046_0048_0048.jpg 1 109 46 48 48
1308_0122_0037_0025_0025.jpg 1 122 37 25 25
1309_0027_0074_0063_0063.jpg 1 27 74 63 63
1310_0014_0054_0108_0108.jpg 1 14 54 108 108
1311_0023_0123_0044_0044.jpg 1 23 123 44 44
1312_0026_0032_0138_0138.jpg 1 26 32 138 138
1313_0043_0048_0124_0124.jpg 1 43 48 124 124
1314_0079_0095_0067_0067.jpg 1 79 95 67 67
1315_0089_0100_0033_0033.jpg 1 89 100 33 33
1316_0063_0031_0116_0116.jpg 1 63 31 116 116
1317_0059_0086_0066_0066.jpg 1 59 86 66 66
1318_0018_0041_0093_0093.jpg 1 18 41 93 93
1319_0008_0013_0133_0133.jpg 1 8 13 133 133
1320_0063_0029_0069_0069.jpg 1 63 29 69 69
1321_0098_0019_0041_0041.jpg 1 98 19 41 41
1322_0025_0040_0104_0104.jpg 1 25 40 104 104
1323_0065_0074_0076_0076.jpg 1 65 74 76 76
1324_0060_0050_0087_0087.jpg 1 60 50 87 87
1325_0015_0051_0081_0081.jpg 1 15 51 81 81
1326_0029_0023_0130_0130.jpg 1 29 23 130 130
1327_0094_0038_0050_0050.jpg 1 94 38 50 50
1328_0047_0035_0101_0101.jpg 1 47 35 101 101
1329_0114_0049_0050_0050.jpg 1 114 49 50 50
1330_0076_0072_0042_0042.jpg 1 76 72 42 42
1331_0034_0096_0027_0027.jpg 1 34 96 27 27
1332_0059_0047_0076_0076.jpg 1 59 47 76 76
1333_0107_0057_0056_0056.jpg 1 107 57 56 56
1334_0034_0064_0107_0107.jpg 1 34 64 107 107
1335_0025_0086_0082_0082.jpg 1 25 86 82 82
1336_0039_0032_0089_0089.jpg 1 39 32 89 89
1337_0039_0015_0117_0117.jpg 1 39 15 117 117
1338_0058_0042_0054_0054.jpg 1 58 42 54 54
1339_0035_0040_0073_0073.jpg 1 35 40 73 73
1340_0023_0025_0045_0045.jpg 1 23 25 45 45
1341_0035_0058_0040_0040.jpg 1 35 58 40 40
1342_0020_0014_0104_0104.jpg 1 20 14 104 104
1343_0064_0022_0041_0041.jpg 1 64 22 41 41
1344_0052_0017_0129_0129.jpg 1 52 17 129 129
1345_0017_0120_0047_0047.jpg 1 17 120 47 47
1346_0011_0009_0136_0136.jpg 1 11 9 136 136
1347_0023_0059_0106_0106.jpg 1 23 59 106 106
1348_0044_0046_0139_0139.jpg 1 44 46 139 139
1349_0015_0043_0133_0133.jpg 1 15 43 133 133
1350_0041_0009_0113_0113.jpg 1 41 9 113 113
1351_0051_0015_0067_0067.jpg 1 51 15 67 67
1352_0086_0083_0045_0045.jpg 1 86 83 45 45
1353_0057_0047_0095_0095.jpg 1 57 47 95 95
1354_0072_0037_0036_0036.jpg 1 72 37 36 36
1355_0038_0029_0103_0103.jpg 1 38 29 103 103
1356_0057_0021_0127_0127.jpg 1 57 21 127 127
1357_0084_0064_0054_0054.jpg 1 84 64 54 54
1358_0111_0066_0053_0053.jpg 1 111 66 53 53
1359_0077_0122_0030_0030.jpg 1 77 122 30 30
1360_0065_0071_0085_0085.jpg 1 65 71 85 85
1361_0115_0074_0047_0047.jpg 1 115 74 47 47
1362_0026_0037_0112_0112.jpg 1 26 37 112 112
1363_0101_0092_0065_0065.jpg 1 101 92 65 65
1364_0050_0042_0132_0132.jpg 1 50 42 132 132
1365_0066_0057_0104_0104.jpg 1 66 57 104 104
1366_0035_0092_0047_0047.jpg 1 35 92 47 47
1367_0025_0052_0100_0100.jpg 1 25 52 100 100
1368_0016_0032_0111_0111.jpg 1 16 32 111 111
1369_0037_0019_0064_0064.jpg 1 37 19 64 64
1370_0022_0065_0098_0098.jpg 1 22 65 98 98
1371_0051_0098_0066_0066.jpg 1 51 98 66 66
1372_0025_0098_0071_0071.jpg 1 25 98 71 71
1373_0021_0045_0064_0064.jpg 1 21 45 64 64
1374_0084_0123_0027_0027.jpg 1 84 123 27 27
1375_0061_0022_0060_0060.jpg 1 61 22 60 60
1376_0067_0049_0080_0080.jpg 1 67 49 80 80
1377_0023_0061_0032_0032.jpg 1 23 61 32 32
1378_0023_0045_0114_0114.jpg 1 23 45 114 114
1379_0029_0041_0108_0108.jpg 1 29 41 108 108
1380_0061_0024_0037_0037.jpg 1 61 24 37 37
1381_0038_0053_0101_0101.jpg 1 38 53 101 101
1382_0043_0028_0117_0117.jpg 1 43 28 117 117
1383_0048_0049_0101_0101.jpg 1 48 49 101 101
1384_0042_0050_0131_0131.jpg 1 42 50 131 131
1385_0028_0046_0128_0128.jpg 1 28 46 128 128
1386_0041_0040_0065_0065.jpg 1 41 40 65 65
1387_0020_0028_0091_0091.jpg 1 20 28 91 91
1388_0021_0081_0042_0042.jpg 1 21 81 42 42
1389_0039_0010_0119_0119.jpg 1 39 10 119 119
1390_0047_0043_0105_0105.jpg 1 47 43 105 105
1391_0009_0051_0119_0119.jpg 1 9 51 119 119
1392_0046_0051_0129_0129.jpg 1 46 51 129 129
1393_0046_0019_0098_0098.jpg 1 46 19 98 98
1394_0036_0021_0118_0118.jpg 1 36 21 118 118
1395_0017_0020_0088_0088.jpg 1 17 20 88 88
1396_0025_0084_0092_0092.jpg 1 25 84 92 92
1397_0059_0062_0078_0078.jpg 1 59 62 78 78
1398_0032_0097_0067_0067.jpg 1 32 97 67 67
1399_0009_0053_0129_0129.jpg 1 9 53 129 129
1400_0074_0029_0058_0058.jpg 1 74 29 58 58
1401_0055_0047_0128_0128.jpg 1 55 47 128 128
1402_0057_0039_0094_0094.jpg 1 57 39 94 94
1403_0101_0055_0052_0052.jpg 1 101 55 52 52
1404_0070_0033_0085_0085.jpg 1 70 33 85 85
1405_0062_0029_0093_0093.jpg 1 62 29 93 93
1406_0034_0014_0128_0128.jpg 1 34 14 128 128
1407_0052_0045_0116_0116.jpg 1 52 45 116 116
1408_0073_0061_0065_0065.jpg 1 73 61 65 65
1409_0104_0082_0062_0062.jpg 1 104 82 62 62
1410_0042_0008_0120_0120.jpg 1 42 8 120 120
1411_0116_0083_0044_0044.jpg 1 116 83 44 44
1412_0072_0071_0053_0053.jpg 1 72 71 53 53
1413_0062_0030_0063_0063.jpg 1 62 30 63 63
1414_0016_0041_0108_0108.jpg 1 16 41 108 108
1415_0051_0053_0129_0129.jpg 1 51 53 129 129
1416_0039_0012_0091_0091.jpg 1 39 12 91 91
1417_0026_0058_0120_0120.jpg 1 26 58 120 120
1418_0017_0045_0079_0079.jpg 1 17 45 79 79
1419_0035_0038_0138_0138.jpg 1 35 38 138 138
1420_0097_0049_0074_0074.jpg 1 97 49 74 74
1421_0122_0103_0037_0037.jpg 1 122 103 37 37
1422_0022_0053_0106_0106.jpg 1 22 53 106 106
1423_0066_0058_0064_0064.jpg 1 66 58 64 64
1424_0107_0121_0043_0043.jpg 1 107 121 43 43
1425_0068_0059_0074_0074.jpg 1 68 59 74 74
1426_0082_0072_0065_0065.jpg 1 82 72 65 65
1427_0057_0012_0087_0087.jpg 1 57 12 87 87
1428_0041_0094_0076_0076.jpg 1 41 94 76 76
1429_0110_0072_0046_0046.jpg 1 110 72 46 46
1430_0029_0068_0068_0068.jpg 1 29 68 68 68
1431_0046_0086_0084_0084.jpg 1 46 86 84 84
1432_0037_0055_0052_0052.jpg 1 37 55 52 52
1433_0041_0010_0107_0107.jpg 1 41 10 107 107
1434_0066_0038_0112_0112.jpg 1 66 38 112 112
1435_0047_0063_0120_0120.jpg 1 47 63 120 120
1436_0073_0085_0056_0056.jpg 1 73 85 56 56
1437_0110_0137_0026_0026.jpg 1 110 137 26 26
1438_0046_0022_0105_0105.jpg 1 46 22 105 105
1439_0076_0045_0104_0104.jpg 1 76 45 104 104
1440_0058_0022_0126_0126.jpg 1 58 22 126 126
1441_0010_0038_0099_0099.jpg 1 10 38 99 99
1442_0048_0025_0127_0127.jpg 1 48 25 127 127
1443_0049_0049_0120_0120.jpg 1 49 49 120 120
1444_0112_0045_0032_0032.jpg 1 112 45 32 32
1445_0058_0019_0027_0027.jpg 1 58 19 27 27
1446_0014_0038_0077_0077.jpg 1 14 38 77 77
1447_0056_0032_0075_0075.jpg 1 56 32 75 75
1448_0013_0018_0081_0081.jpg 1 13 18 81 81
1449_0075_0039_0094_0094.jpg 1 75 39 94 94
1450_0085_0083_0059_0059.jpg 1 85 83 59 59
1451_0015_0011_0116_0116.jpg 1 15 11 116 116
1452_0042_0027_0129_0129.jpg 1 42 27 129 129
1453_0067_0046_0041_0041.jpg 1 67 46 41 41
1454_0076_0101_0050_0050.jpg 1 76 101 50 50
1455_0053_0028_0120_0120.jpg 1 53 28 120 120
1456_0099_0093_0038_0038.jpg 1 99 93 38 38
1457_0071_0016_0107_0107.jpg 1 71 16 107 107
1458_0025_0062_0038_0038.jpg 1 25 62 38 38
1459_0046_0027_0120_0120.jpg 1 46 27 120 120
1460_0034_0058_0081_0081.jpg 1 34 58 81 81
1461_0051_0078_0082_0082.jpg 1 51 78 82 82
1462_0023_0097_0059_0059.jpg 1 23 97 59 59
1463_0065_0064_0056_0056.jpg 1 65 64 56 56
1464_0041_0041_0109_0109.jpg 1 41 41 109 109
1465_0085_0027_0043_0043.jpg 1 85 27 43 43
1466_0069_0015_0109_0109.jpg 1 69 15 109 109
1467_0053_0062_0082_0082.jpg 1 53 62 82 82
1468_0086_0048_0084_0084.jpg 1 86 48 84 84
1469_0082_0091_0076_0076.jpg 1 82 91 76 76
1470_0093_0030_0055_0055.jpg 1 93 30 55 55
1471_0056_0071_0085_0085.jpg 1 56 71 85 85
1472_0047_0025_0105_0105.jpg 1 47 25 105 105
1473_0099_0112_0028_0028.jpg 1 99 112 28 28
1474_0027_0019_0123_0123.jpg 1 27 19 123 123
1475_0093_0075_0048_0048.jpg 1 93 75 48 48
1476_0051_0031_0089_0089.jpg 1 51 31 89 89
1477_0044_0049_0026_0026.jpg 1 44 49 26 26
1478_0046_0050_0039_0039.jpg 1 46 50 39 39
1479_0056_0031_0119_0119.jpg 1 56 31 119 119
1480_0032_0061_0057_0057.jpg 1 32 61 57 57
1481_0037_0026_0131_0131.jpg 1 37 26 131 131
1482_0127_0106_0040_0040.jpg 1 127 106 40 40
1483_0067_0014_0066_0066.jpg 1 67 14 66 66
1484_0042_0091_0034_0034.jpg 1 42 91 34 34
1485_0026_0015_0093_0093.jpg 1 26 15 93 93
1486_0036_0035_0032_0032.jpg 1 36 35 32 32
1487_0015_0015_0101_0101.jpg 1 15 15 101 101
1488_0059_0059_0103_0103.jpg 1 59 59 103 103
1489_0048_0028_0081_0081.jpg 1 48 28 81 81
1490_0023_0034_0075_0075.jpg 1 23 34 75 75
1491_0070_0063_0046_0046.jpg 1 70 63 46 46
1492_0040_0037_0111_0111.jpg 1 40 37 111 111
1493_0016_0027_0115_0115.jpg 1 16 27 115 115
1494_0075_0051_0053_0053.jpg 1 75 51 53 53
1495_0060_0067_0086_0086.jpg 1 60 67 86 86
1496_0068_0051_0105_0105.jpg 1 68 51 105 105
1497_0018_0093_0075_0075.jpg 1 18 93 75 75
1498_0104_0103_0053_0053.jpg 1 104 103 53 53
1499_0095_0093_0053_0053.jpg 1 95 93 53 53
1500_0032_0012_0109_0109.jpg 1 32 12 109 109
1501_0032_0056_0035_0035.jpg 1 32 56 35 35
1502_0039_0058_0116_0116.jpg 1 39 58 116 116
1503_0078_0057_0092_0092.jpg 1 78 57 92 92
1504_0024_0024_0071_0071.jpg 1 24 24 71 71
1505_0019_0058_0115_0115.jpg 1 19 58 115 115
1506_0078_0108_0055_0055.jpg 1 78 108 55 55
1507_0032_0040_0109_0109.jpg 1 32 40 109 109
1508_0036_0044_0112_0112.jpg 1 36 44 112 112
1509_0020_0032_0045_0045.jpg 1 20 32 45 45
1510_0018_0028_0067_0067.jpg 1 18 28 67 67
1511_0010_0030_0134_0134.jpg 1 10 30 134 134
1512_0039_0010_0124_0124.jpg 1 39 10 124 124
1513_0100_0069_0048_0048.jpg 1 100 69 48 48
1514_0062_0069_0103_0103.jpg 1 62 69 103 103
1515_0028_0028_0078_0078.jpg 1 28 28 78 78
1516_0113_0028_0034_0034.jpg 1 113 28 34 34
1517_0091_0072_0075_0075.jpg 1 91 72 75 75
1518_0045_0071_0101_0101.jpg 1 45 71 101 101
1519_0078_0072_0092_0092.jpg 1 78 72 92 92
1520_0014_0067_0113_0113.jpg 1 14 67 113 113
1521_0026_0026_0070_0070.jpg 1 26 26 70 70
1522_0062_0105_0042_0042.jpg 1 62 105 42 42
1523_0042_0077_0064_0064.jpg 1 42 77 64 64
1524_0082_0096_0064_0064.jpg 1 82 96 64 64
1525_0105_0022_0058_0058.jpg 1 105 22 58 58
1526_0066_0038_0045_0045.jpg 1 66 38 45 45
1527_0015_0028_0118_0118.jpg 1 15 28 118 118
1528_0107_0098_0047_0047.jpg 1 107 98 47 47
1529_0046_0019_0121_0121.jpg 1 46 19 121 121
1530_0019_0078_0086_0086.jpg 1 19 78 86 86
1531_0101_0019_0071_0071.jpg 1 101 19 71 71
1532_0034_0025_0070_0070.jpg 1 34 25 70 70
1533_0075_0052_0070_0070.jpg 1 75 52 70 70
1534_0026_0012_0117_0117.jpg 1 26 12 117 117
1535_0029_0044_0070_0070.jpg 1 29 44 70 70
1536_0014_0024_0113_0113.jpg 1 14 24 113 113
1537_0012_0011_0110_0110.jpg 1 12 11 110 110
1538_0030_0036_0129_0129.jpg 1 30 36 129 129
1539_0038_0034_0116_0116.jpg 1 38 34 116 116
1540_0029_0030_0070_0070.jpg 1 29 30 70 70
1541_0089_0017_0070_0070.jpg 1 89 17 70 70
1542_0062_0043_0105_0105.jpg 1 62 43 105 105
1543_0082_0030_0024_0024.jpg 1 82 30 24 24
1544_0029_0060_0107_0107.jpg 1 29 60 107 107
1545_0089_0113_0035_0035.jpg 1 89 113 35 35
1546_0087_0033_0084_0084.jpg 1 87 33 84 84
1547_0028_0049_0131_0131.jpg 1 28 49 131 131
1548_0027_0020_0086_0086.jpg 1 27 20 86 86
1549_0060_0074_0096_0096.jpg 1 60 74 96 96
1550_0009_0009_0138_0138.jpg 1 9 9 138 138
1551_0029_0039_0105_0105.jpg 1 29 39 105 105
1552_0023_0075_0055_0055.jpg 1 23 75 55 55
1553_0055_0043_0129_0129.jpg 1 55 43 129 129
1554_0062_0069_0057_0057.jpg 1 62 69 57 57
1555_0096_0078_0024_0024.jpg 1 96 78 24 24
1556_0037_0013_0133_0133.jpg 1 37 13 133 133
1557_0071_0051_0099_0099.jpg 1 71 51 99 99
1558_0077_0021_0098_0098.jpg 1 77 21 98 98
1559_0040_0009_0133_0133.jpg 1 40 9 133 133
1560_0030_0052_0129_0129.jpg 1 30 52 129 129
1561_0039_0035_0122_0122.jpg 1 39 35 122 122
1562_0064_0063_0116_0116.jpg 1 64 63 116 116
1563_0081_0073_0061_0061.jpg 1 81 73 61 61
1564_0059_0036_0103_0103.jpg 1 59 36 103 103
1565_0042_0056_0103_0103.jpg 1 42 56 103 103
1566_0080_0036_0097_0097.jpg 1 80 36 97 97
1567_0048_0041_0054_0054.jpg 1 48 41 54 54
1568_0060_0095_0047_0047.jpg 1 60 95 47 47
1569_0038_0104_0067_0067.jpg 1 38 104 67 67
1570_0087_0108_0034_0034.jpg 1 87 108 34 34
1571_0029_0046_0066_0066.jpg 1 29 46 66 66
1572_0014_0019_0130_0130.jpg 1 14 19 130 130
1573_0050_0096_0042_0042.jpg 1 50 96 42 42
1574_0046_0014_0077_0077.jpg 1 46 14 77 77
1575_0053_0064_0048_0048.jpg 1 53 64 48 48
1576_0050_0048_0048_0048.jpg 1 50 48 48 48
1577_0022_0038_0123_0123.jpg 1 22 38 123 123
1578_0047_0103_0039_0039.jpg 1 47 103 39 39
1579_0016_0083_0081_0081.jpg 1 16 83 81 81
1580_0045_0049_0068_0068.jpg 1 45 49 68 68
1581_0037_0013_0122_0122.jpg 1 37 13 122 122
1582_0029_0051_0130_0130.jpg 1 29 51 130 130
1583_0011_0014_0120_0120.jpg 1 11 14 120 120
1584_0025_0098_0047_0047.jpg 1 25 98 47 47
1585_0052_0017_0109_0109.jpg 1 52 17 109 109
1586_0034_0056_0082_0082.jpg 1 34 56 82 82
1587_0067_0063_0114_0114.jpg 1 67 63 114 114
1588_0082_0014_0070_0070.jpg 1 82 14 70 70
1589_0073_0069_0077_0077.jpg 1 73 69 77 77
1590_0024_0017_0074_0074.jpg 1 24 17 74 74
1591_0041_0017_0044_0044.jpg 1 41 17 44 44
1592_0012_0045_0105_0105.jpg 1 12 45 105 105
1593_0081_0012_0088_0088.jpg 1 81 12 88 88
1594_0118_0073_0034_0034.jpg 1 118 73 34 34
1595_0085_0036_0082_0082.jpg 1 85 36 82 82
1596_0043_0043_0106_0106.jpg 1 43 43 106 106
1597_0071_0066_0087_0087.jpg 1 71 66 87 87
1598_0026_0082_0094_0094.jpg 1 26 82 94 94
1599_0017_0032_0139_0139.jpg 1 17 32 139 139
1600_0021_0048_0090_0090.jpg 1 21 48 90 90
1601_0073_0027_0043_0043.jpg 1 73 27 43 43
1602_0017_0037_0133_0133.jpg 1 17 37 133 133
1603_0073_0048_0069_0069.jpg 1 73 48 69 69
1604_0070_0014_0087_0087.jpg 1 70 14 87 87
1605_0026_0048_0139_0139.jpg 1 26 48 139 139
1606_0094_0096_0064_0064.jpg 1 94 96 64 64
1607_0017_0052_0117_0117.jpg 1 17 52 117 117
1608_0031_0031_0088_0088.jpg 1 31 31 88 88
1609_0037_0014_0091_0091.jpg 1 37 14 91 91
1610_0106_0088_0063_0063.jpg 1 106 88 63 63
1611_0017_0071_0032_0032.jpg 1 17 71 32 32
1612_0026_0079_0066_0066.jpg 1 26 79 66 66
1613_0015_0013_0124_0124.jpg 1 15 13 124 124
1614_0037_0044_0093_0093.jpg 1 37 44 93 93
1615_0021_0051_0044_0044.jpg 1 21 51 44 44
1616_0015_0027_0082_0082.jpg 1 15 27 82 82
1617_0031_0021_0094_0094.jpg 1 31 21 94 94
1618_0041_0047_0129_0129.jpg 1 41 47 129 129
1619_0048_0012_0102_0102.jpg 1 48 12 102 102
1620_0104_0038_0052_0052.jpg 1 104 38 52 52
1621_0126_0113_0032_0032.jpg 1 126 113 32 32
1622_0065_0036_0040_0040.jpg 1 65 36 40 40
1623_0034_0017_0100_0100.jpg 1 34 17 100 100
1624_0114_0020_0054_0054.jpg 1 114 20 54 54
1625_0041_0049_0121_0121.jpg 1 41 49 121 121
1626_0040_0043_0031_0031.jpg 1 40 43 31 31
1627_0073_0119_0025_0025.jpg 1 73 119 25 25
1628_0069_0044_0037_0037.jpg 1 69 44 37 37
1629_0056_0020_0069_0069.jpg 1 56 20 69 69
1630_0082_0024_0035_0035.jpg 1 82 24 35 35
1631_0057_0025_0073_0073.jpg 1 57 25 73 73
1632_0071_0053_0046_0046.jpg 1 71 53 46 46
1633_0080_0065_0046_0046.jpg 1 80 65 46 46
1634_0012_0046_0094_0094.jpg 1 12 46 94 94
1635_0061_0027_0109_0109.jpg 1 61 27 109 109
1636_0024_0095_0073_0073.jpg 1 24 95 73 73
1637_0060_0050_0096_0096.jpg 1 60 50 96 96
1638_0100_0115_0029_0029.jpg 1 100 115 29 29
1639_0019_0099_0075_0075.jpg 1 19 99 75 75
1640_0045_0084_0091_0091.jpg 1 45 84 91 91
1641_0049_0025_0115_0115.jpg 1 49 25 115 115
1642_0015_0075_0094_0094.jpg 1 15 75 94 94
1643_0058_0070_0083_0083.jpg 1 58 70 83 83
1644_0080_0052_0083_0083.jpg 1 80 52 83 83
1645_0019_0099_0048_0048.jpg 1 19 99 48 48
1646_0024_0029_0047_0047.jpg 1 24 29 47 47
1647_0026_0093_0038_0038.jpg 1 26 93 38 38
1648_0050_0065_0112_0112.jpg 1 50 65 112 112
1649_0067_0025_0069_0069.jpg 1 67 25 69 69
1650_0081_0059_0066_0066.jpg 1 81 59 66 66
1651_0052_0018_0128_0128.jpg 1 52 18 128 128
1652_0088_0018_0071_0071.jpg 1 88 18 71 71
1653_0011_0059_0099_0099.jpg 1 11 59 99 99
1654_0019_0033_0093_0093.jpg 1 19 33 93 93
1655_0108_0062_0045_0045.jpg 1 108 62 45 45
1656_0053_0014_0096_0096.jpg 1 53 14 96 96
1657_0066_0050_0111_0111.jpg 1 66 50 111 111
1658_0043_0077_0077_0077.jpg 1 43 77 77 77
1659_0041_0025_0106_0106.jpg 1 41 25 106 106
1660_0032_0043_0119_0119.jpg 1 32 43 119 119
1661_0116_0125_0026_0026.jpg 1 116 125 26 26
1662_0118_0082_0043_0043.jpg 1 118 82 43 43
1663_0099_0044_0026_0026.jpg 1 99 44 26 26
1664_0067_0091_0074_0074.jpg 1 67 91 74 74
1665_0034_0045_0093_0093.jpg 1 34 45 93 93
1666_0025_0080_0086_0086.jpg 1 25 80 86 86
1667_0059_0065_0103_0103.jpg 1 59 65 103 103
1668_0082_0124_0032_0032.jpg 1 82 124 32 32
1669_0019_0028_0060_0060.jpg 1 19 28 60 60
1670_0038_0027_0076_0076.jpg 1 38 27 76 76
1671_0043_0029_0081_0081.jpg 1 43 29 81 81
1672_0045_0040_0088_0088.jpg 1 45 40 88 88
1673_0067_0017_0042_0042.jpg 1 67 17 42 42
1674_0018_0016_0058_0058.jpg 1 18 16 58 58
1675_0090_0093_0038_0038.jpg 1 90 93 38 38
1676_0062_0067_0066_0066.jpg 1 62 67 66 66
1677_0037_0070_0063_0063.jpg 1 37 70 63 63
1678_0059_0038_0051_0051.jpg 1 59 38 51 51
1679_0037_0021_0096_0096.jpg 1 37 21 96 96
1680_0040_0052_0084_0084.jpg 1 40 52 84 84
1681_0060_0038_0107_0107.jpg 1 60 38 107 107
1682_0048_0027_0120_0120.jpg 1 48 27 120 120
1683_0034_0068_0113_0113.jpg 1 34 68 113 113
1684_0058_0059_0119_0119.jpg 1 58 59 119 119
1685_0104_0041_0038_0038.jpg 1 104 41 38 38
1686_0113_0051_0042_0042.jpg 1 113 51 42 42
1687_0028_0084_0066_0066.jpg 1 28 84 66 66
1688_0016_0048_0092_0092.jpg 1 16 48 92 92
1689_0051_0016_0105_0105.jpg 1 51 16 105 105
1690_0051_0033_0071_0071.jpg 1 51 33 71 71
1691_0016_0040_0116_0116.jpg 1 16 40 116 116
1692_0062_0055_0025_0025.jpg 1 62 55 25 25
1693_0078_0061_0065_0065.jpg 1 78 61 65 65
1694_0021_0023_0067_0067.jpg 1 21 23 67 67
1695_0072_0070_0086_0086.jpg 1 72 70 86 86
1696_0082_0058_0095_0095.jpg 1 82 58 95 95
1697_0046_0010_0112_0112.jpg 1 46 10 112 112
1698_0039_0049_0091_0091.jpg 1 39 49 91 91
1699_0033_0123_0039_0039.jpg 1 33 123 39 39
1700_0078_0083_0067_0067.jpg 1 78 83 67 67
1701_0033_0088_0089_0089.jpg 1 33 88 89 89
1702_0115_0046_0049_0049.jpg 1 115 46 49 49
1703_0101_0042_0071_0071.jpg 1 101 42 71 71
1704_0075_0059_0106_0106.jpg 1 75 59 106 106
